time,ax_filtered,ay_filtered,az_filtered,wx_filtered,wy_filtered,wz_filtered
0.0,0.522894,-2.94008,5.974012,62.160001,-15.645001,-29.995001
0.01,0.522894,-2.94008,5.974012,62.160001,-15.645001,-29.995001
0.02,0.522894,-2.94008,5.974012,62.160001,-15.645001,-29.995001
0.03,0.522894,-2.94008,5.974012,62.160001,-15.645001,-29.995001
0.04,0.522894,-2.94008,5.974012,62.160001,-15.645001,-29.995001
0.05,0.522894,-2.94008,5.974012,62.160001,-15.645001,-29.995001
0.06,0.522894,-2.94008,5.974012,62.160001,-15.645001,-29.995001
0.07,0.522894,-2.94008,5.974012,62.160001,-15.645001,-29.995001
0.08,0.522894,-2.94008,5.974012,62.160001,-15.645001,-29.995001
0.09,0.522894,-2.94008,5.974012,62.160001,-15.645001,-29.995001
0.1,0.522894,-2.94008,5.974012,62.160001,-15.645001,-29.995001
0.11,0.522894,-2.94008,5.974012,62.160001,-15.645001,-29.995001
0.12,0.522894,-2.94008,5.974012,62.160001,-15.645001,-29.995001
0.13,0.522894,-2.94008,5.974012,62.160001,-15.645001,-29.995001
0.14,0.522894,-2.94008,5.974012,62.160001,-15.645001,-29.995001
0.15,0.51338228515625,-2.944434453125,5.966422380859375,62.160001,-15.645001,-29.995001
0.16,0.48841403369140624,-2.9558648925781252,5.946499630615234,62.160001,-15.645001,-29.995001
0.17,0.4447195936279297,-2.9758681616210936,5.911634817687988,62.160001,-15.645001,-29.995001
0.18,0.38099853520202637,-3.00503959564209,5.860790298835754,62.160001,-15.645001,-29.995001
0.19,0.2973646460180283,-3.0433271027946476,5.7940568678421975,62.160001,-15.645001,-29.995001
0.2,0.19491313176763062,-3.09022929905653,5.71230841487509,62.160001,-15.645001,-29.995001
0.21,0.07538636514216664,-3.1449485280287264,5.616935219746798,62.160001,-15.645001,-29.995001
0.22,-0.05908124731148033,-3.2065076606224476,5.50964037522747,62.160001,-15.645001,-29.995001
0.23,-0.20615519843265667,-3.27383796189683,5.392286639034454,62.160001,-15.645001,-29.995001
0.24,-0.3634426183816925,-3.345843978537489,5.266783337828035,62.160001,-15.645001,-29.995001
0.25,-0.5285944093281801,-3.4214502960101814,5.135004871561295,62.160001,-15.645001,-29.995001
0.26,-0.6993763749660252,-3.4996341015785335,4.9987339575809155,62.160001,-15.645001,-29.995001
0.27,-0.8737162982213255,-3.5794467364295595,4.859624066225945,62.160001,-15.645001,-29.995001
0.28,-1.049732566892542,-3.660026800461845,4.7191765797617915,62.160001,-15.645001,-29.995001
0.29,-1.2257488355637585,-3.7406068644941306,4.578729093297639,62.160001,-15.645001,-29.995001
0.3,-1.4002983019960484,-3.820515427992814,4.439452002554021,62.160001,-15.645001,-29.995001
0.31,-1.5721204330153338,-3.8991754201868307,4.302351116353273,62.160001,-15.645001,-29.995001
0.32,-1.7386749988742671,-3.9940874549473397,4.163717899172577,62.160001,-15.645001,-29.995001
0.33,-1.898161282901616,-4.116091871310638,4.021404532290086,62.160001,-15.645001,-29.995001
0.34,-2.049365164195103,-4.2710484338818535,3.8744082321876916,62.160001,-15.645001,-29.995001
0.35,-2.191533841015219,-4.4611641650836695,3.722545534186152,62.160001,-15.645001,-29.995001
0.36,-2.3242735532544283,-4.686035532201055,3.566199241150317,62.160001,-15.645001,-29.995001
0.37,-2.4474664059745592,-4.943459591721287,3.4061238194208787,62.160001,-15.645001,-29.995001
0.38,-2.5612030243570705,-5.230059013727866,3.243297585810036,62.160001,-15.645001,-29.995001
0.39,-2.6657283009298633,-5.541757857677696,3.078812155086511,62.160001,-15.645001,-29.995001
0.4,-2.761397943466983,-5.874138284248544,2.913791378095761,62.160001,-15.645001,-29.995001
0.41,-2.8486439091417597,-6.222702843964318,2.7493334564683756,61.59767676953125,-15.10092875,-30.606680712890622
0.42,-2.927947128102141,-6.58306239491251,2.5864711211866314,60.12157566455078,-13.67273909375,-32.21233995922851
0.43,-2.9998161867729363,-6.951065911635988,2.426145751474353,57.538398730834956,-11.1734071953125,-35.022243640319815
0.44,-3.0647708656451798,-7.322885322854331,2.269192123114658,53.771265702499385,-7.528548176757811,-39.12001984191131
0.45,-3.12332961468981,-7.695065945873613,2.1163311412095225,48.82690360280895,-2.744670714904785,-44.49835110650014
0.46,-3.1760002074365055,-8.064550977087082,1.9681684565594995,42.770060030688164,3.115579175865173,-51.08680690562146
0.47,-3.2255589000698106,-8.431517018743566,1.8269053023083917,35.70374252988058,9.952537381763458,-58.773338671263
0.48,-3.2739024874748046,-8.795473887835144,1.6939957730925257,27.75413534147205,17.644115363399028,-67.42068690760973
0.49,-3.322259464521019,-9.155511647165756,1.5703146428156138,19.05925247915022,26.056778780812934,-76.87872404111397
0.5,-3.3713578042379373,-9.510485910401743,1.456292973592096,9.760558306944931,35.05365493554725,-86.99356930888933
0.51,-3.4215574410604055,-9.85915429109466,1.3520271869674834,-0.00307057387062315,44.50037489801828,-97.61415684005345
0.52,-3.4729541354142195,-10.200274450344978,1.2573663238784145,-10.099550439259435,54.26914213193719,-108.59680985523454
0.53,-3.525460219068919,-10.532672205476812,1.1719814264861672,-20.406373635177182,64.24142534989608,-119.80826814156524
0.54,-3.5788667411430155,-10.855286522266816,1.0954203094653125,-30.812300900286445,74.30959590648918,-131.12752891141835
0.55,-3.63289072054344,-11.167196866707414,1.02715043059364,-41.21822816539571,84.37776646308228,-142.44678968127147
0.56,-3.687210535091478,-11.467637289350659,0.9665921036550781,-51.53743936996239,94.36203559837044,-153.6717232780425
0.57,-3.7414919179998343,-11.756000714407975,0.9131439064080203,-61.69541289945772,104.19030052841973,-164.72126728736396
0.58,-3.795406569669139,-12.031836172204272,0.8662018105617696,-71.28088573735573,113.46960731318299,-175.48359474592834
0.59,-3.848645010945106,-12.294841118253983,0.8251732890876528,-80.02422180496274,121.94217191159649,-185.87511149014892
0.6,-3.9009249895571454,-12.54485050090442,0.7894874300998346,-87.76389473096401,129.45341588111418,-195.83545330295755
0.61,-3.951996493144284,-12.781823851982272,0.7586018986519237,-94.41970406775874,135.9264200890659,-205.32325413010392
0.62,-4.001644210587668,-13.005831364378304,0.7320074319293846,-99.97149441710212,141.34162400428107,-214.31257558145057
0.63,-4.044697139668455,-13.189686846881843,0.73472214105991,-104.44235821215162,145.72079938522344,-222.7899027292613
0.64,-4.077890394944912,-13.31654386509811,0.7822415251429151,-107.8854794860565,149.1144953833113,-230.75162410345115
0.65,-4.0993955855223225,-13.377318009258925,0.8829283458152396,-110.3739233512415,151.59229248557813,-238.2019249997355
0.66,-4.1084480515489545,-13.368644233533379,1.0399038077952403,-111.99279877780108,153.23531976557535,-245.15103296898943
0.67,-4.105052928073532,-13.2912692513848,1.2525336291447284,-112.83332452933989,154.1305873425179,-251.61376282835272
0.68,-4.089755143639479,-13.148796430472128,1.5175861996444133,-112.98841311174722,154.36676692886866,-257.6083158880542
0.69,-4.063461078746636,-12.94671518560149,1.830126372112614,-112.54945811615296,154.03112054334133,-263.15529446438563
0.7,-4.027301789540377,-12.691658985230797,2.184197070574541,-111.60406875245789,153.20733312770477,-268.2768982732569
0.71,-3.9825295152432885,-12.39084615924761,2.5733314604019197,-110.23454366218128,151.9740508247417,-272.9962740795749
0.72,-3.930440693354673,-12.051666054802118,2.9909305965217703,-108.51691594125317,150.40396464382448,-277.3369941110993
0.73,-3.872319954599459,-11.681380012330116,3.4305349833977914,-106.52043410041435,148.56331049845033,-281.32264231536027
0.74,-3.809400602197315,-11.286912360832646,3.8860131232322037,-103.44501711361586,146.55700452473843,-284.10805314352666
0.75,-3.7428379327439063,-10.87471135792185,4.351685710459465,-98.8070403680904,144.46636875566927,-285.1731641506703
0.76,-3.6736924586941058,-10.450663892455086,4.822400494613071,-92.35871294442063,142.35358941893662,-284.2414129665666
0.77,-3.602920670179148,-10.020050965447535,5.293569848688051,-84.0244171804634,140.26540443236144,-281.2151469084119
0.78,-3.531371447710285,-9.587533585549805,5.7611806360534485,-73.85081077374836,138.23614624730243,-276.12485566973277
0.79,-3.4644803123516086,-9.161203308056116,6.176142274318302,-61.968053940681855,136.2902463078373,-269.08959552023595
0.8,-3.405819133134208,-8.747047667127644,6.5070197046580915,-48.559992424311105,134.44429055899536,-260.28643848472
0.81,-3.357541724944358,-8.349363611697546,6.735720641852511,-33.84151656528897,132.7087011935505,-249.92716697145423
0.82,-3.320739089640607,-7.971098725083284,6.854068382935618,-18.041639992992955,131.08910778387013,-238.24075589461853
0.83,-3.295720936733289,-7.614132039024221,6.861095766688757,-1.391109518244944,129.58746077078416,-225.46045110780486
0.84,-3.2822372465001974,-7.279504401489978,6.760924441900025,15.88642042059452,128.20293169236413,-211.81447388872488
0.85,-3.279651239149699,-6.967606787917214,6.5611174328800255,33.58043226394239,126.93263729094276,-197.51956382523804
0.86,-3.287073112954065,-6.678333615612948,6.271412843926892,51.49744136984649,125.77221853161292,-182.77672308780575
0.87,-3.303462248280831,-6.411206995125429,5.902763060044025,69.46325207215108,124.71630042542964,-167.76864905930395
0.88,-3.3277041892261776,-6.1654768998893665,5.46661751898241,87.32398046594494,123.75885422733205,-152.65844410058907
0.89,-3.3586675646190813,-5.9402014303496955,4.974398504624042,104.94616737741737,122.89347994643018,-137.5892746085305
0.9,-3.3952451571843465,-5.734310668843982,4.437128827122067,121.96125662313574,121.83417094254303,-122.19369421858109
0.91,-3.4363825413443383,-5.546657047845942,3.865178033642875,138.11519798529437,120.3997272065446,-106.26963753445929
0.92,-3.4810970593405157,-5.3760546706140016,3.268100206262733,153.2432494470355,118.48767960701346,-89.73554616599198
0.93,-3.5284893692323083,-5.221309616116945,2.6545416784296116,167.24958095868186,116.05363834027716,-72.59528793855938
0.94,-3.5777493577048523,-5.081242917637239,2.032201329656113,180.09083666154413,113.09504910806535,-54.910977292064025
0.95,-3.6081914958826626,-4.956493837444384,1.4326003788529504,191.76295279109112,109.63851839507718,-36.78214297016302
0.96,-3.6067072176798325,-4.84707610295307,0.8770495921955721,202.29064630679383,105.73001742698037,-18.329969961636085
0.97,-3.56588954511025,-4.752553848210747,0.3790177977574726,211.71908814827611,101.42739772132276,0.3144243990133937
0.98,-3.4825462103993097,-4.6721796507145665,-0.05397074275271019,220.10735786101137,96.79475361882882,19.01852739725023
0.99,-3.3565286980296882,-4.60500185229969,-0.41882450839716606,227.52334568175164,91.8982521892278,37.65446881020192
1.0,-3.1898172982326733,-4.549947090208476,-0.7156874827691229,234.03982615153038,86.80312129881482,56.10311607345059
1.01,-2.9858128244311777,-4.505882912364946,-0.9469977924429949,239.73147573289805,81.5715448092451,74.25667495737689
1.02,-2.7487944389415264,-4.4716644755314725,-1.1167537298576653,244.6726472708126,76.26126186938347,92.02015515866387
1.03,-2.483510339258113,-4.446168597880136,-1.2299471984483386,248.93574774034954,70.92470676225122,109.31198749133314
1.04,-2.1948741221632084,-4.42831783450599,-1.2921317211130856,252.59009365612928,65.60855820242529,126.06401998270178
1.05,-1.8877446675327243,-4.417096745266224,-1.3090980608240628,255.7011416954598,60.35359354072399,142.22107184641624
1.06,-1.566771538799963,-4.411562111975872,-1.2866354077858044,258.0161733887301,55.33182557057241,157.26255816104182
1.07,-1.2362913262317323,-4.4108485220665,-1.2303601540562727,259.3955693860252,50.658277395292544,170.85828425414337
1.08,-0.9002631831844066,-4.414170456250127,-1.1455976413245665,259.7833045941679,46.404170962399114,182.8226138486412
1.09,-0.5622341257025636,-4.420821788393927,-1.0373050461729914,259.18369970689537,42.607505326770934,193.07791637878614
1.1,-0.22532656722044453,-4.430173418203317,-0.9100258568361558,257.64324512447774,39.28149658981273,201.62559029933146
1.11,0.10775788603454281,-4.4416696043120965,-0.7678682778568005,255.23652161872792,36.42127107915741,208.5232524569002
1.12,0.43440063430798637,-4.442141589467722,-0.6180432961671029,252.05541560478443,34.00913607001994,213.86692858395259
1.13,0.75248623823574,-4.423240109408849,-0.46600379528084046,248.20097114824628,32.01869613149113,217.7772843890397
1.14,1.0603439475634584,-4.380241179903322,-0.3157948884176156,243.77734060203164,30.418036254944568,220.3891070387849
1.15,1.3566926854056587,-4.311099520141968,-0.1703412038443814,238.8873950238944,29.172153804743687,221.84338853498437
1.16,1.6405899503231192,-4.215703314515103,-0.03168177728332207,233.62963763471362,28.244788771215163,222.2814802067354
1.17,1.9113848773661792,-4.09529210103161,0.09883851821282325,228.09613136807053,27.59977474527459,221.8408851601836
1.18,2.16867553260605,-3.9520063150887057,0.2204135286027312,222.3712074110535,27.202010581498243,220.65233634114367
1.19,2.412270392579559,-3.7885426280170456,0.3326501101867405,216.53076754162439,27.018134120346723,218.83787463287388
1.2,2.642153871521118,-3.6078938831336598,0.4354669359397767,210.64203070467283,27.01696396783837,216.5096964576963
1.21,2.858455697919328,-3.4131563016777715,0.5290134641292772,204.76360504125262,27.169762649806493,213.7695856306571
1.22,3.0614239018545524,-3.207389836522632,0.6136054451535607,198.81160221782312,27.611487075079932,210.567755969586
1.23,3.25140115092018,-2.9935202020082103,0.6896739540970686,192.74461012879684,28.419270308014756,206.89694767668095
1.24,3.4288041614103477,-2.77427329535917,0.7577254492230756,186.55167643768084,29.627478684690352,202.77961822762003
1.25,3.5941059097450916,-2.552134526031898,0.8183107859869774,180.2429710615065,31.239569415529093,198.25804049162605
1.26,3.7478203743055785,-2.329327048697858,0.8720014752645608,173.84260330494016,33.23735562680529,193.38673523860507
1.27,3.8776133936918336,-2.106060779579305,0.9125092998406237,167.38316385475088,35.58817875510329,188.22676874727864
1.28,3.9759964159785754,-1.8829321267868087,0.9361089798207186,160.9016402544381,38.25039910793415,182.84153212572397
1.29,4.03911019039145,-1.660770522108542,0.9409852974262045,154.43641942260203,41.17754134581297,177.29369008010718
1.3,4.0657615268195375,-1.4405239765787012,0.9267171939784916,148.02514447058098,44.32137018523925,171.64304564868988
1.31,4.056665773097196,-1.22317546486329,0.89387307228981,141.70323737647098,47.63412071153695,165.945115899915
1.32,4.013855929310787,-1.0096834871151152,0.8436960547968488,135.5029355479028,51.07006559390263,160.25025349238913
1.33,3.9402262119736253,-0.8009414296288679,0.7778617112671307,129.45272026769686,54.586566755810054,154.60318175189758
1.34,3.8391836195222764,-0.5977513926209599,0.698293900971356,123.57703956558676,58.144730448117954,149.04283774447575
1.35,3.7143858205284292,-0.40080901273340985,0.6070269750989765,117.89624811771046,61.70976117216115,143.60243972701824
1.36,3.5695476444120424,-0.21069651123858557,0.5061047421002646,112.4267031150251,65.25109064382953,138.3097131845896
1.37,3.4083017336806494,-0.027881773045230873,0.3975083841787782,107.18096830695801,68.74234225498014,133.18722412396522
1.38,3.2341016282802393,0.14727827124263038,0.2831069884478821,101.9093489094858,72.0574774972677,128.27691083378733
1.39,3.0501577902998602,0.3145313091727575,0.16462557269551012,96.4559772848045,75.1131530435638,123.60734221902601
1.4,2.8593989198396748,0.4737213992037864,0.04362648644800221,90.73489507521201,77.85871591840063,119.19643296749437
1.41,2.6644524265078307,0.6247796093338833,-0.07849911067613544,84.71119407443061,80.26819531184032,115.05368530806037
1.42,2.467639161265467,0.7677141416549653,-0.20053231909573568,78.3862567036589,82.33392788284496,111.18203372731577
1.43,2.2709785267042712,0.9026003862002447,-0.3214221950348999,71.78630622067362,84.06151552896648,107.57935726188275
1.44,2.0720800205752687,1.0180633837273667,-0.43352732779733344,64.95361765744566,85.46586655403614,104.23971398498395
1.45,1.8698268253183459,1.1070918791909103,-0.5318870832976781,57.93985754189412,86.56811455737464,101.15434380334692
1.46,1.664009932990051,1.1659508531950862,-0.6135767370300507,50.801117579766895,87.39324556054788,98.31247845543538
1.47,1.4550444383233805,1.1933195222347113,-0.6771936954000078,43.59428791102165,87.96829403308236,95.70199146722396
1.48,1.2437518495986644,1.1896127091572515,-0.7224506395339347,36.37448205366585,88.32099354968338,93.30991561700195
1.49,1.0311951863435485,1.1564508273539846,-0.749855602625989,29.1932805129404,88.47878862917486,91.12285104884681
1.5,0.8185560540285536,1.0962498439869797,-0.760462479218017,22.09760520265876,88.4681315615832,89.1272834381126
1.51,0.6070448904037207,1.0119076847483437,-0.7556783725409988,15.129073924927432,88.3140023074211,87.30982845119364
1.52,0.3978372345329269,0.9065677803818409,-0.7371166071004465,8.323714548270171,88.03960134288883,85.65741607019197
1.53,0.19203023560404722,0.7834439727669456,-0.7064862464971979,1.7119433548289145,87.66617503894221,84.15742609766976
1.54,-0.009385257325012497,0.6456939131609604,-0.665510627194671,-4.77485171997178,87.354923557708,82.60870221773793
1.55,-0.20554076068434063,0.496330496065184,-0.6158688033288793,-11.175335945047278,87.21177475268436,80.88160430049996
1.56,-0.39569735729170097,0.33816286229175824,-0.5591549426594131,-17.50661975341877,87.30074843574286,78.90032133459545
1.57,-0.57924639628465,0.1737601440657737,-0.4968516588813699,-23.770773465174905,87.65458508940517,76.62885757225087
1.58,-0.7557055534106605,0.005432472108691883,-0.4303140439665955,-29.959833854151977,88.28314636112827,74.0600038333836
1.59,-0.9410605591879544,-0.16605060965077129,-0.36901967495857824,-36.0596048385883,89.18000655210102,71.20672629856792
1.6,-1.1452763391861502,-0.33970305499198805,-0.3192122078826616,-42.0524991916698,90.32758079688064,68.09550543847308
1.61,-1.373819332189469,-0.5144319102082883,-0.2846781068819363,-47.91962232890333,91.70107438399178,64.76124120516118
1.62,-1.628859942150785,-0.6891174624210469,-0.2673651790822358,-53.642261361871434,93.27148671742961,61.24340996972867
1.63,-1.9102154744857212,-0.8626702694359218,-0.2678721451115639,-59.20291138927272,95.00786109957251,57.58321622547275
1.64,-2.2160832962509254,-1.0340701924143958,-0.2858334122846421,-64.58594531530385,96.87893642351057,53.82152971875927
1.65,-2.5436051236792085,-1.2023915592943808,-0.32021899196204434,-69.77801241036242,98.8543278148033,49.99743804779969
1.66,-2.889295993324943,-1.3668177711500773,-0.3695659807099901,-74.76823357861389,100.90533926406361,46.14727725062311
1.67,-3.2493653734297676,-1.5266479954954093,-0.4321550936337788,-79.5482472172267,103.0054915057753,42.30402963703019
1.68,-3.619952816721569,-1.6812980447486565,-0.5061433022887336,-84.11214809620522,105.13083212246234,38.4970000699826
1.69,-3.99729637349773,-1.8302970936407605,-0.5896616084887903,-88.45635239903471,107.26008149681924,34.751699878657874
1.7,-4.377848530474207,-1.973281528679077,-0.6808853113940814,-92.6686919114728,109.53974518982477,30.87475532249611
1.71,-4.758351595428715,-2.109986931195184,-0.7780827414372334,-96.80544590772074,112.05705489818288,26.749849853783477
1.72,-5.1358821084536075,-2.2402389607783477,-0.8796472929762835,-100.89948532217494,114.85532107096265,22.317771499236756
1.73,-5.50787194236354,-2.3639437178466522,-0.9841166477306805,-104.9666703342943,117.94602061371214,17.56070810066601
1.74,-5.872112185990634,-2.481078014278344,-1.0901823092244067,-109.01083620461337,121.31824013760503,12.489982244219577
1.75,-6.209802660061477,-2.591297391698055,-1.1950980944476322,-113.02764260034427,124.94598559678882,7.136560623215024
1.76,-6.50882997193034,-2.6944529431098734,-1.2968687704323023,-117.00751211503969,128.79377794094515,1.5437914881390835
1.77,-6.762156364915757,-2.7905469605473234,-1.3940940575284575,-120.9378425835759,132.8208786191507,-4.238077379052002
1.78,-6.96653602511286,-2.879696721153953,-1.4858412943074164,-124.80464374405747,136.98442589899534,-10.15596579830996
1.79,-7.121498511685273,-2.9621050568631784,-1.5715418616288699,-128.5937206429426,141.24171090014195,-16.15691122994478
1.8,-7.228549399098414,-3.038036566044521,-1.6509072629998836,-132.29150294388631,145.55177920691597,-22.19014345751583
1.81,-7.2905469223830055,-3.1077985063448135,-1.7238614319213599,-135.88560016541877,149.87650842555377,-28.2084794224737
1.82,-7.311220673537251,-3.1717255612561384,-1.7904864038147403,-139.36514715008173,154.1812828327339,-34.169195673119326
1.83,-7.294804440239078,-3.2301678027734764,-1.8509789667899452,-142.72099118150462,158.43536226897524,-40.034504657756315
1.84,-7.2457603026931325,-3.2834812823566497,-1.9056163059151914,-145.94576163317333,162.61202277963395,-45.77173551825125
1.85,-7.168575275628304,-3.3320207752667663,-1.954728991627925,-149.0338544492452,166.68853045730643,-51.35329915993785
1.86,-7.067615239217422,-3.376134281754719,-1.998679944532456,-151.8102532762301,170.61632890630628,-56.837301170123865
1.87,-6.947023762095848,-3.416158954712805,-2.0378482445822104,-154.16568127757685,174.36160750331587,-62.25614891273387
1.88,-6.810655780229768,-3.452418179115159,-2.072616849759181,-156.04041965489802,177.90224342479775,-67.62376870020964
1.89,-6.662038039952471,-3.485219575449967,-2.1033634539497896,-157.41145451269432,181.22529404275735,-72.94120764269377
1.9,-6.5043498116109175,-3.514853738734026,-2.1304538509441766,-158.28233404708976,184.32494784285365,-78.20093780742502
1.91,-6.340418690312067,-3.5415935577458377,-2.1542372857254297,-158.67522538474634,187.200856635192,-83.3901228311392
1.92,-6.148691687556008,-3.5563648637471297,-2.1574054218933667,-158.62474995815566,189.85678419368733,-88.49305946281876
1.93,-5.91629880595865,-3.5535740944390772,-2.1292426521199843,-158.1732509227564,192.29951691294684,-93.49296706358497
1.94,-5.636819407069531,-3.5302340712232776,-2.0639716119267226,-157.36720820187804,194.5379909005764,-98.3732655005158
1.95,-5.3085212717300525,-3.4852721795488195,-1.9594438969645285,-156.25456831408192,196.58259737340614,-103.11845500325026
1.96,-4.932982835811015,-3.418986732319614,-1.8161112101008887,-154.88279890277923,198.44463450765778,-107.71468945033482
1.97,-4.514024858203733,-3.3326232861674487,-1.636223504758154,-153.29751328949044,200.135879183719,-112.15011641426679
1.98,-4.056890909600531,-3.2280476718484965,-1.423210140576459,-151.54153962136115,201.66825651756074,-116.41504244784309
1.99,-3.567626986208401,-3.107496653548998,-1.1812079304761265,-149.6543332994568,203.05358881186467,-120.5019699769301
2.0,-3.052619611597162,-2.973390582873938,-0.9147064909649315,-147.67165121297745,204.3034087002154,-124.40554230551581
2.01,-2.5182592953095484,-2.8281952758847377,-0.6282867262395873,-145.62542258438938,205.42882389035157,-128.1224252448313
2.02,-1.9707024236860387,-2.674322711907505,-0.32643276336827587,-142.90419421810847,206.4340657043921,-131.7382372692455
2.03,-1.41570978110905,-2.5140621118925703,-0.013401363887069584,-139.1326590370061,207.3251691344208,-135.3076168256568
2.04,-0.8585441188417124,-2.3495345699391668,0.306864104602915,-134.1118872708715,208.1093411009512,-138.86219110552176
2.05,-0.30391265520181665,-2.1826657414001014,0.6307855364886581,-127.77209584442056,208.7944728031368,-142.41684149257827
2.06,0.24405676805900034,-2.0151721827586475,0.9551761293251241,-120.13559458017468,209.38876821641327,-145.97459140455447
2.07,0.7604504316912606,-1.8411917973246825,1.2616507925412204,-111.28796235864282,209.9004657519469,-149.53038438211544
2.08,1.228926279729388,-1.6574159745711687,1.5380641935637966,-101.35585165891946,210.33763421990344,-153.0739721714091
2.09,1.6396803881476805,-1.462408038781329,1.7770317333589554,-90.49010708559322,210.70802766892655,-156.59209261478173
2.1,1.9878228706617662,-1.2560690341968315,1.9747485758692376,-78.85312197687986,211.0189865202122,-160.07008407374053
2.11,2.2720882629978942,-1.0392225559211123,2.1300521033798945,-66.60955491069976,211.27737477135636,-163.49305573616658
2.12,2.4938183158312253,-0.8132953696181582,2.2436825727782748,-53.9196915557192,211.48954499292032,-166.84671056163893
2.13,2.6561658961496653,-0.5800747475255659,2.3177046030515505,-40.93487247065134,211.6613244468801,-170.11789900078873
2.14,2.7634776840154434,-0.3415269212584922,2.355058678463548,-27.79451886015555,211.79801697755425,-173.29496632046445
2.15,2.8208208413571487,-0.09966392941479749,2.3592173127526035,-14.624379916356954,211.9044164099094,-176.3679438172243
2.16,2.8336250620335575,0.1435514821586522,2.3339250631114234,-1.5357005399887402,211.98482807733262,-179.32862393897227
2.17,2.8074165909265454,0.38627128519798354,2.283005356909548,11.374930265346798,212.04309582457554,-182.1705509664888
2.18,2.7476250953892882,0.6268046787074987,2.2102202241045723,24.29758362371566,211.78984921071347,-184.09687200983882
2.19,2.6594478292013597,0.863643113614194,2.119171619371358,37.33383618751928,211.04511265238898,-184.6093379857423
2.2,2.5477584686652923,1.095472172578841,2.0132351588048887,50.52139373154347,209.71088984148668,-183.43391160893128
2.21,2.41705042473414,1.321173754164731,1.8955188611736753,63.853257844934014,207.74946629887373,-180.4618316866122
2.22,2.271406429899154,1.5398212844030272,1.7688409357563404,77.29250066917052,205.16635720677223,-175.70324151721329
2.23,2.125995808690057,1.7409145635439207,1.6299821238014767,90.78352097391054,201.99701549229746,-169.25099455184017
2.24,1.991254800784848,1.9177808019991645,1.4775803795357405,104.26049581602264,198.29657165038543,-161.2526717088639
2.25,1.8739795775209729,2.066645315838798,1.3116028212303188,117.65361026551001,194.1320070294904,-151.88919534600234
2.26,1.7782016129802654,2.185891809827914,1.1329349313738757,130.89353872315263,189.57627050515597,-141.3587162884461
2.27,1.705885035839874,2.2754772384140685,0.9430641624617049,143.91456142885374,184.7039382154905,-129.86469209748654
2.28,1.6574787956908053,2.336472291803885,0.7438392065133845,156.6566256992615,179.5880903450605,-117.60727504001582
2.29,1.6323507998300417,2.3707036105086945,0.5372895917192642,169.06660057913436,174.29814035861915,-104.77729380287911
2.3,1.629126436586457,2.380478047145199,0.3254930920611633,181.09892371312873,168.89840273848876,-91.55224962197033
2.31,1.6459499494023735,2.3683728036985454,0.11048077090320246,192.71579847505797,163.44722696318064,-78.09385998333536
2.32,1.6806838357672285,2.3370781897120576,-0.10582859220764898,203.8870661669563,157.99655968566094,-64.54677544834601
2.33,1.731058710006091,2.289282167957654,-0.32167135338333464,214.5898511139145,152.59182509009668,-51.0381708506064
2.34,1.794783798888554,2.2275878599654466,-0.5354644904125159,224.5296268900496,147.15801284985082,-37.441313820789304
2.35,1.8696263582172128,2.154456842473818,-0.7458180071539908,233.52245572564294,141.65673425083503,-23.701652030489015
2.36,1.9534667431310229,2.0721724347166437,-0.9515376642584548,241.4682386926533,136.07591548359542,-9.815611100560572
2.37,2.0443345811004425,1.9828183036681781,-1.1516207296128183,248.32938847432993,130.42178581732247,4.18579262142762
2.38,2.140430439346515,1.8882686403745665,-1.3452468611044996,254.113929153974,124.71271167540935,18.249477119141062
2.39,2.2361860019561264,1.7885849778465797,-1.510466496368014,258.8621988568538,118.97450855752376,32.30973732780162
2.4,2.327698531787078,1.684223834577144,-1.6334730404627265,262.6364742797524,113.2369298952581,46.29524167891633
2.41,2.4123570822603186,1.575895858149571,-1.7065907500233657,265.5129556291802,107.53108753953977,60.134100321941844
2.42,2.488541681342218,1.4644591548665602,-1.7266783294950507,267.57565005181687,101.88760455380579,73.757424835391
2.43,2.555382391384324,1.3508398168295348,-1.6938707611183308,268.91177447984563,96.33533892165966,87.10171853521524
2.44,2.6125673690964306,1.2359739512521932,-1.610595388114983,269.608367630439,90.90054801073654,100.11037013542092
2.45,2.6601909091758174,1.1207665859582905,-1.4808095265003565,269.74985797028256,85.60638929006551,112.73446909596038
2.46,2.698634009999452,1.00606370708573,-1.3094162544079035,269.41638170166135,80.47267381904518,124.93311647909096
2.47,2.7284712985323787,0.8926344111636205,-1.1018228220375827,268.68268386176,75.51580620187954,136.6733688310512
2.48,2.750399234991146,0.7811607501069945,-0.8636125961414821,267.6174678102707,70.74885869261999,147.92992309264895
2.49,2.7651814202809275,0.6722333362222427,-0.6003068159372376,266.283084853992,66.18173849492857,158.68462663580502
2.5,2.773607579891767,0.5663511734101377,-0.3171968740549905,264.41931536029415,62.06915087872571,168.43211748558076
2.51,2.7764634213400927,0.46392450576673194,-0.01923149934422702,261.87821975754605,58.57023017683597,176.85808320252426
2.52,2.7745090790717275,0.3652797385632715,0.2890537634835063,258.5947570241313,55.772049289153536,183.79228632662256
2.53,2.7684642884361894,0.27066569985749495,0.6035749014644175,254.5636663576938,53.70829553919174,189.17123686790313
2.54,2.758998783573318,0.1802606826876073,0.9207136981181714,249.82142129336003,52.37401015485132,193.00872298988182
2.55,2.7437982364124665,0.10255365786510218,1.214639933639668,244.43227586309573,51.73713282853584,195.37272139409887
2.56,2.7215883441205984,0.04283772730701542,1.4684727188028117,238.47759742323873,51.747462807401924,196.3674679008958
2.57,2.6918599848489677,0.004002433619370832,1.6721301749321524,232.04782622354452,52.34353964434383,196.11968454467407
2.58,2.654653209063799,-0.012837820079854859,1.820616433662329,225.23652245460332,53.457856618518036,194.768139095243
2.59,2.6103888551420407,-0.007848679018356926,1.9126652786549283,218.13606143997927,55.02074496968508,192.4558621317913
2.6,2.559738561045061,0.017911161220081663,1.9496737061075253,210.83462024295784,56.96320500369037,189.32447056629871
2.61,2.5035255939578223,0.0627896541366939,1.9348703301884713,203.4141671016575,59.218908728050565,185.51014899567824
2.62,2.4426502906328937,0.1247708997296956,1.8726732714247971,195.94922119887144,61.725556208519656,181.14092495591535
2.63,2.378035038192707,0.20164846146571652,1.7682002513440742,188.50619633607133,64.4257328209546,176.3349440001428
2.64,2.3105846665512657,0.29115397167321677,1.6269003376279692,181.14317980991322,67.26738576536172,171.19950799912712
2.65,2.2411589015964073,0.3910503786179811,1.4542823618946574,173.91002860452423,70.20401456782382,165.83068724323806
2.66,2.17055416988551,0.49919743839375863,1.2557196534120025,166.47380727206067,72.99859624351025,160.22701765622546
2.67,2.099492573585615,0.6135956098249593,1.0363145535234526,158.6347246123619,75.49298933014853,154.40855424925718
2.68,2.028616287814989,0.7324133201555717,0.8008093294001422,150.29155728598215,77.58927826975612,148.40932592131085
2.69,1.9584859874167813,0.8540015908281161,0.553532702911187,141.4144487002719,79.23487901137025,142.27161386172003
2.7,1.8895821999171734,0.9768992104296811,0.2983733441340084,132.02367816189562,80.41071579353392,136.04168135583086
2.71,1.8223087172013428,1.0998309859706796,0.03877342749375032,122.17324398273406,81.12189796028228,129.76665162473344
2.72,1.7563604833983686,1.2117791236979145,-0.2211069786161256,111.93831111445039,81.39042497328806,123.49228723389578
2.73,1.6916049957621462,1.3056158670426925,-0.4779613221772623,101.40574573370363,81.24953062497914,117.26147155609253
2.74,1.6280287125544992,1.3771611250479965,-0.7292028291471102,90.66710170621445,80.73934646828523,111.11323142892675
2.75,1.5656960653566472,1.4244326637708706,-0.9728490335128648,79.81354182533838,79.90362188327671,105.08217189792772
2.76,1.5047185242610528,1.4470532254829096,-1.207422327091972,68.9322741902479,78.78728587653968,99.1982199494858
2.77,1.4452316350656855,1.4457851178631826,-1.4318645285116016,58.104164457669526,77.43467523819874,93.48659539114806
2.78,1.3873783367472916,1.4221679705344223,-1.6454636956139577,47.40225082317848,75.88828639705538,87.96794434784547
2.79,1.3312971886184664,1.3782396526011698,-1.847791608531371,36.89094285817879,74.18793533823012,82.65858489489811
2.8,1.2771144010076836,1.3163239202628187,-2.038650533405523,26.62572975452158,72.37023222333266,77.57082571257924
2.81,1.2249387805533816,1.2388713345069522,-2.2180280407416366,16.65325979142376,70.46829567302827,72.71332779808068
2.82,1.17485887924774,1.1483424534970121,-2.386058799215088,6.851516329514615,68.62218380844475,68.12614480972131
2.83,1.1269417818824634,1.047124345253819,-2.542992396857437,-2.8494341211832017,66.92693159896797,63.83345381667429
2.84,1.0812330851259737,0.9374731532119748,-2.689166358347331,-12.48182531625207,65.44303383814575,59.847181775624335
2.85,1.0377577177685673,0.8214768387653868,-2.824983630947738,-22.05138399513247,64.20483391284786,56.169938063993264
2.86,0.9965213296064342,0.7010333702059717,-2.950893903709765,-31.545955916233282,63.22720023955886,52.797374316390645
2.87,0.9400597951043388,0.5562785053133562,-3.068110448251013,-40.94207668870354,62.510806730355505,49.72007278908612
2.88,0.8574379964798502,0.37523210835049947,-3.17759068183936,-50.2099055282376,62.04627889645194,46.92504763555867
2.89,0.7426157036742639,0.15178143233439975,-3.2800945902760894,-59.3168627564531,61.81742149043363,44.39692932372571
2.9,0.5931543117162014,-0.11591009968803301,-3.3762308656993634,-68.23024796033371,61.8037054852095,42.11889054556035
2.91,0.40920046136372823,-0.42664904148779137,-3.466493127355789,-76.91906301032259,61.98216046846607,40.07336200884433
2.92,0.19269377315404396,-0.7771792719448548,-3.5512881671258345,-85.35522073825102,62.328792166466336,38.24257815887837
2.93,-0.053244739308695804,-1.1629250330024172,-3.63095780816718,-93.51428443450094,62.81962293211234,36.6089859008961
2.94,-0.3247792433833674,-1.5785543472234607,-3.705795672499499,-101.37585412563809,63.43143490757505,35.15554356640039
2.95,-0.6177098622819969,-2.018399371356589,-3.776059911638446,-108.92369174043864,64.1422805853803,33.86593250641326
2.96,-0.9277315122481375,-2.4767635021255767,-3.841982755046882,-116.14565784459563,64.93181312530743,32.72469964753891
2.97,-1.2506202322233664,-2.9481394750763146,-3.9037775671162596,-123.0335168544425,65.78147860215662,31.717345982471954
2.98,-1.582362774349843,-3.4273580944886697,-3.9616439686740366,-129.53617051386075,67.0712250756297,30.61770716139901
2.99,-1.9192422037746506,-3.90968344049238,-4.01577146865286,-135.62323828027496,69.03415929588003,29.280383848904492
3.0,-2.2578897712701753,-4.390867282918476,-4.066341961386042,-141.28033596574818,71.79368468215226,27.620794814668518
3.01,-2.5953112823244586,-4.86717287623634,-4.113531371527875,-146.50525354612586,75.39285365976309,25.59936598234895
3.02,-2.9288945162598656,-5.335376220778125,-4.157510668928534,-151.30487579962423,79.81739992772928,23.209081719533312
3.03,-3.2631409226276684,-5.778225274048634,-4.192466870856604,-155.69271513613788,85.01365905657224,20.46575988133146
3.04,-3.600384800248581,-6.1843870180378016,-4.21482517032301,-159.68694761314916,90.90237159047302,17.400524828679686
3.05,-3.941402469924003,-6.547052339235368,-4.222688373494622,-163.30886132860437,97.38918463726161,14.0540464474602
3.06,-4.285885800677379,-6.8628203197628155,-4.2153929870717315,-166.58164166655502,104.3725199423586,10.472191148741977
3.07,-4.632806634697332,-7.130810996108197,-4.193160116827197,-169.5294306986745,111.74935374344247,6.702795507681938
3.08,-4.980693870352634,-7.351964373214995,-4.1568231549376,-172.17660879660377,119.41935215147207,2.793326767349237
3.09,-5.3278409921527725,-7.528490780969451,-4.107617414869053,-174.5472555109817,127.28772191702954,-1.210761280660325
3.1,-5.672458548085572,-7.663443754662539,-4.047019520408434,-176.6647542980444,135.26706728976038,-5.267131989209522
3.11,-6.012783356223247,-7.760391702849845,-3.9766265560283705,-178.55151195682083,143.27848680266823,-9.337253992656771
3.12,-6.347153979538695,-7.823168857460095,-3.898066811722454,-180.2287688764331,151.25209714759572,-13.38677395329452
3.13,-6.674060161278943,-7.855689518992578,-3.812935467901773,-181.7164805506523,159.12713312269264,-17.385653844067065
3.14,-6.992172396496031,-7.861812529746973,-3.7227498163908352,-182.70608645035338,166.78762040945614,-21.52996235123643
3.15,-7.3003565726726585,-7.845245327643501,-3.628919645307812,-183.01034528578984,174.15012227470282,-25.936706938318196
3.16,-7.5976775970925745,-7.809478934345467,-3.532729265055439,-182.5326742721869,181.1571668003198,-30.664389991329323
3.17,-7.883395101616235,-7.757746883114772,-3.4353283503409764,-181.24290198867493,187.7718402148882,-35.72917945773146
3.18,-8.156953644175925,-7.693002452143953,-3.3377293447141705,-179.15823000334612,193.97335358761075,-41.11752939107606
3.19,-8.383447625145516,-7.603191471912104,-3.2281962093923293,-176.32840949448354,199.75342059873054,-46.79593795574216
3.2,-8.541072954099716,-7.481491080931533,-3.099593441809338,-172.82431495852802,205.11330989134814,-52.71840744065216
3.21,-8.617873931818815,-7.324938439235786,-2.9482113882486938,-168.72924341776707,210.06145733479548,-58.832068657075794
3.22,-8.609164093297137,-7.13335200004544,-2.7728393360547505,-164.1323890993317,214.61154198457865,-65.08134736469236
3.23,-8.515495177399663,-6.908489691951762,-2.574039546128366,-159.12404437691964,218.78094511579422,-71.41098022767402
3.24,-8.341070338518687,-6.653398196460168,-2.3535836307918743,-153.79216123839848,222.58952486835508,-77.76812984666535
3.25,-8.092516016304746,-6.3719156881304295,-2.1140195464923823,-148.21997651996256,226.058650141808,-84.10380062356066
3.26,-7.777942116530639,-6.068297203417175,-1.8583431777276316,-142.4844610307744,229.21044672875348,-90.37371789742045
3.27,-7.406232823349036,-5.746937444408468,-1.5897532256884923,-136.65539949737408,232.06721654594583,-96.53880051803117
3.28,-6.9865208772140655,-5.412170494326408,-1.311472040555715,-130.79494667700627,234.6509974382368,-102.56533060497803
3.29,-6.527806864623528,-5.0681297822703595,-1.0266182833159991,-124.95753644246119,236.9832365857821,-108.42490267519733
3.3,-6.038692271208985,-4.7186548192883055,-0.738119983387373,-118.60475332247611,238.8790669085626,-114.04704879432761
3.31,-5.527200997250061,-4.367233849077145,-0.44865876641332914,-111.41045372321621,240.22969105379616,-119.38378209385101
3.32,-5.000668933453487,-4.016973708975329,-0.16063784135420198,-103.20635719440402,240.98301218506967,-124.4047956457015
3.33,-4.4656852203517525,-3.6705899596953295,0.12383217621124737,-93.93914231911336,241.1283235255983,-129.09354559161795
3.34,-3.9280721141957526,-3.3304117818535084,0.4029343112904026,-83.63686880924297,240.68429398088722,-133.44406807613373
3.35,-3.4106758017968293,-2.9820587878670817,0.6746257843073884,-72.38293128325354,239.68962074548386,-137.45840387901688
3.36,-2.928943292776142,-2.616928880095957,0.9373258720157703,-60.296069780232244,238.19583110876394,-141.14452518513744
3.37,-2.4926313315375124,-2.2306933525254524,1.1898488758131145,-47.51522770331311,236.26180829479304,-144.51467624651315
3.38,-2.10717668222263,-1.8221135586714285,1.4313445578510045,-34.18826833760872,233.94969312108674,-147.58405427557585
3.39,-1.7747891180494466,-1.3921178147605104,1.6612454841737043,-20.463743727088982,231.32187708666015,-150.36976917964185
3.4,-1.495317982582051,-0.9430880721811643,1.8792207052745613,-6.485060729328396,228.43885534606886,-152.89003106038174
3.41,-1.2669344370439248,-0.47831493061996977,2.085135210632088,7.613486281327129,225.357751698705,-155.16352306136088
3.42,-1.0866641940654356,-0.0015870690059478498,2.279014610855903,21.709243934379558,222.13136373985736,-157.208924408354
3.43,-0.9507994353240888,0.4831126052870141,2.461014525773775,35.69263313243317,218.8076059577985,-159.04455456909824
3.44,-0.8552135249232212,0.9718266376056484,2.631394186562926,49.4677614661231,215.42925289036086,-160.68811454627058
3.45,-0.7955978986721197,1.4607768309676223,2.790493792879272,62.952432674258255,212.0339043731348,-162.15650556639363
3.46,-0.7676369937925454,1.9464669601751716,2.938715200336223,76.15914102825568,208.33952133194077,-162.64348242191315
3.47,-0.7671341677098301,2.425746294836414,3.0765055484705917,89.08240607798464,204.17722435296025,-161.650142824889
3.48,-0.7900991405205379,2.8958434631172527,3.2043434736458347,101.7054948024478,199.4621125859404,-158.90780868311325
3.49,-0.8328055009837613,3.354378250082126,3.322727584558419,114.00544111615548,194.1702720571842,-154.31699489599794
3.5,-0.8918251710829967,3.7993573429948793,3.4321669096961456,125.95672122887319,188.32079921260748,-147.89944751136127
3.51,-0.9640453710491971,4.2291587494878025,3.533173055959844,137.5338756020436,181.96187269428398,-139.76076141383558
3.52,-1.0313527486991148,4.622262573687106,3.605352113107229,148.7133124195958,175.16007879434656,-130.06152797687787
3.53,-1.0816924112875437,4.9650612349317536,3.6361394438146806,159.47448159655667,167.99233933798473,-118.99532945830103
3.54,-1.1076192843167467,5.249930738606556,3.6188361419278445,169.8005707106024,160.53990965281122,-106.77220129705822
3.55,-1.1051440981471732,5.4736963616838805,3.5510546535561294,179.67884345589908,152.88401277025213,-93.60643594600262
3.56,-1.0728195891111993,5.636419802897298,3.4334968744154843,189.100716110701,145.10275743055007,-79.70781093414905
3.57,-1.0110219255176178,5.740447482608933,3.269001449831354,198.06164709840127,137.26905464796297,-65.27549663259417
3.58,-0.9213902339167742,5.789670223587411,3.0618081824814123,206.56089818640683,129.44930290767934,-50.49404170532456
3.59,-0.806393656329233,5.7889533346624,2.816996756206751,214.60121252496353,121.70265750116262,-35.53095150476288
3.6,-0.6690008251423939,5.743703436293621,2.540064714913842,222.18844400993788,114.0807367312167,-20.535470956873876
3.61,-0.5124311765266657,5.659544448254152,2.2366160490941187,229.3311638865956,106.62764813031646,-5.63826232297591
3.62,-0.339971285166622,5.542080205393528,1.9121370539506506,235.76833009953128,99.37600432252589,9.119087711074975
3.63,-0.1548425189305121,5.396725346778769,1.5718405136532,241.34280903426236,92.35316075396477,23.68590591464198
3.64,0.03989111204041576,5.228589578670023,1.220562888170349,245.97551438496504,85.58132866745461,38.00798127983187
3.65,0.24138391217275323,5.042403262442692,0.862702160448943,249.64488308640568,79.07782844535703,52.031540156980036
3.66,0.4470455140771207,4.842474625297164,0.5021864498790949,252.37069620539523,72.85543565477177,65.70599551879118
3.67,0.6630821203795996,4.628542293458207,0.16127556756245376,254.2014250614865,66.92278320353577,78.9857506301351
3.68,0.8927836545131684,4.401450724758217,-0.14529470550759827,255.2044266615825,61.2847918970663,91.83128199540485
3.69,1.137318307476058,4.162774614150625,-0.4085293502873596,255.45843235607282,55.943108771261244,104.20968108345824
3.7,1.3963537086533957,3.9145328217948094,-0.6237503543659261,255.04787331177883,50.89653819421467,116.09479727872679
3.71,1.6685381881569068,3.658973698912416,-0.7894665474979999,254.05866920353884,46.14145515178718,127.4670943435269
3.72,1.9518696229897994,3.398417020627452,-0.906482457522553,252.57517519538533,41.67219358427367,138.31330820418677
3.73,2.243974394714615,3.1351404935115506,-0.9772010988284687,250.67803912534438,37.48140530933149,148.62597409383335
3.74,2.5423148679653464,2.871301083493358,-1.0050835167397532,248.44276777051473,33.56038710292714,158.40287516566036
3.75,2.844340388762773,2.6088832869545033,-0.9942345023558294,245.93883978746868,29.89937504094942,167.64645194010853
3.76,3.147593982728578,2.349668011236573,-0.9490893757391599,243.2292347719252,26.487806332215644,176.3632017927229
3.77,3.449784608035746,2.0952169966439054,-0.8741812899701382,240.37027401502124,23.314549682901006,184.56308964975278
3.78,3.7488329040173163,1.8468687474620975,-0.7739722854661392,237.2571293564575,20.395381183943375,191.82825233492747
3.79,4.042896804736598,1.6057427839647869,-0.6527344502737116,233.83657644371928,17.735653234527884,197.90472836706482
3.8,4.330382099605243,1.372749713832239,-0.5144701248426683,230.09284883460344,15.332998468990457,202.661591656886
3.81,4.609941971830366,1.1486051773973427,-0.36286221910458405,226.03658262530874,13.17947750900578,206.05854331458335
3.82,4.880468689509567,0.9338461696391351,-0.20124746114348857,221.6962549572598,11.263272718777452,208.12038526407287
3.83,5.135668679673724,0.7386203695706655,-0.0417963358025254,217.11162625871697,9.570012613886377,208.91707381694496
3.84,5.371485872961034,0.5692679122160937,0.10711942350249233,212.328784573162,8.08379691673826,208.5482802643094
3.85,5.585575293877173,0.42925521404209127,0.24005324984160742,207.39646374105217,6.7879800091924,207.1315761935187
3.86,5.776881463860998,0.3199172727913725,0.3537834561873499,202.36336799936623,5.665760321940271,204.79351978803396
3.87,5.945302617686057,0.24104392735981528,0.4467547901629352,197.2762858188778,4.700614695934932,201.6630510179644
3.88,6.091424973573041,0.19133941012768554,0.5186357523404936,192.178817256832,3.876609679468326,197.86671275545535
3.89,6.216314008179074,0.16877938907013154,0.5699700984106889,187.1105732284463,3.1786158539286387,193.52530514160446
3.9,6.321351953002143,0.17088541735256885,0.6019047022215471,182.10673312475097,2.59244641666215,188.7516550938725
3.91,6.408112619437192,0.1949331465804179,0.6159790900538643,177.19787015840984,2.104937226233372,183.64924428468547
3.92,6.478266235543923,0.2381077004853825,0.6139645663568759,172.40997256748585,1.7039821952353253,178.31148943514364
3.93,6.533508289048104,0.2976171508314721,0.5977430217622802,167.7646040726574,1.3785351821502914,172.8215101918774
3.94,6.57550746083585,0.3707730043433048,0.5692173166040899,163.12200116918507,1.4305111109595618,167.16755646836208
3.95,6.605868637176519,0.4550449291524934,0.5302466273122338,158.39748197770956,2.0458504861066893,161.35984528141623
3.96,6.626107737433166,0.5480955632976946,0.4826013793861223,153.5470636718779,3.3237100611650305,155.42317118602253
3.97,6.637635712611888,0.6478001071846149,0.4279334116620396,148.55616439501554,5.299553630084892,149.39128103850976
3.98,6.641749580235389,0.7522544654635523,0.3677578579761671,143.4307995842321,7.963288594997291,143.3026549463289
3.99,6.6251169428600765,0.8604695991113603,0.3038622580758789,138.19078740649175,11.273393263039319,137.19740129567242
4.0,6.579730072798833,0.9714099757516673,0.2377287657697037,132.86456513819982,15.167812597513961,131.11502836076133
4.01,6.501548597771329,1.0840480888853117,0.17057563473256543,127.48529065058176,19.57226101329804,125.09290007762357
4.02,6.389427625379383,1.197402643502138,0.10339397081137276,122.08796310993277,24.40645522152077,119.16522069626251
4.03,6.244277491212516,1.310564068399549,0.03698017770311801,116.70734659583599,29.588704265688882,113.36242353951684
4.04,6.068410767146549,1.4227103020666818,-0.028035496343581677,111.37652129037534,35.03920452566145,107.71086411119299
4.05,5.865040038836272,1.53311521340036,-0.09116392593035098,106.12592063333648,40.682321882852506,102.23273824568284
4.06,5.637896508823243,1.641151539142014,-0.15203523007455116,100.9827405783097,46.4480891572406,96.9461626591583
4.07,5.39094491859033,1.746289828626788,-0.21037971400771976,95.97062983406892,52.27310242655997,91.86536880297841
4.08,5.128174790097875,1.8480945680463243,-0.2660113235406515,91.10958858228678,58.10096331093762,87.00097187949613
4.09,4.853451717100953,1.9462183982712267,-0.3188133302365786,86.41601833611055,63.88238440273274,82.36028571451466
4.1,4.570415517002075,2.04039513178328,-0.36872599073985024,81.59703807822065,69.44298031234419,77.96529798719108
4.11,4.282414592858671,2.1304321066204204,-0.4157359475988004,76.47124119059944,74.6645544957588,73.82876533043505
4.12,3.9924679429164853,2.2162022811088637,-0.45986716158959035,70.94029426067203,79.47229345531323,69.95620736571587
4.13,3.7032479675970142,2.2976363664577417,-0.5011731867656032,64.96653300591396,83.82446985949747,66.34754273542394
4.14,3.4170786248654768,2.374715209972627,-0.5397306191601581,58.55541998002669,87.70420426515918,62.99842594270925
4.15,3.1361116373934896,2.4325869251352477,-0.5731478631643215,51.74192883127258,91.11291139995575,59.90133464176409
4.16,2.862113716212549,2.462014183884705,-0.599978335978719,44.58008645653799,94.06512084281442,57.04644923467826
4.17,2.596504119812072,2.45797344570821,-0.6194835621993954,37.135042846014954,96.5844153776254,54.42236002156697
4.18,2.3403919734129572,2.4185453009859588,-0.6314454815437034,29.477153307191244,98.70027494250704,52.016631545174725
4.19,2.094612429743988,2.3440414559467335,-0.6360187740018535,21.67765293856245,100.44565135102995,49.81624902118499
4.2,1.8597610350348106,2.236323403732106,-0.6336156109325948,13.80558193037922,101.85513000375292,47.80796772411058
4.21,1.6362258839619135,2.0982757591030774,-0.6248165781967148,5.925685224700839,102.96356063576681,45.9785827974336
4.22,1.424217316886841,1.9334038375689628,-0.6103026310982206,-1.9029364417990573,103.80506060050867,44.315134082935884
4.23,1.2237950417453984,1.7455305477882412,-0.5908038667706091,-9.627603140441497,104.41231198185378,42.805058138777035
4.24,1.0348926594645054,1.5385722199583034,-0.5670616681438758,-17.20240301001034,104.8160885536744,41.43629757129582
4.25,0.8573396424216663,1.3163767650608251,-0.5398014104098094,-24.588223749671428,105.04496077236882,40.19737608411483
4.26,0.6908808656311188,1.0826106786370133,-0.5097134475701267,-31.80163994522983,105.33315458929383,38.894037999622995
4.27,0.5351938244466202,0.8406839762154564,-0.4774405313782496,-38.84707457853289,105.83447123948338,37.40146067290768
4.28,0.3899036941888541,0.5937042663521656,-0.4435701730477795,-45.72094804510786,106.6418087788645,35.64706924742708
4.29,0.25459639912513343,0.34445290765708847,-0.4086307523280226,-52.414808524383034,107.80267548103363,33.59692060951807
4.3,0.12882986297515167,0.09537762207594097,-0.3730904197019791,-58.91765494367332,109.33144015372528,31.244988039112062
4.31,-0.0026453914565939818,-0.15645749409351287,-0.34390255409588605,-65.2176242072158,111.21893479113625,28.604795001251656
4.32,-0.14954323843070294,-0.41240881503243465,-0.3255094261403423,-71.30318171797185,113.43991685449359,25.70294397998269
4.33,-0.3174216154246743,-0.6727082323780729,-0.3204590978000719,-77.16392734755536,115.95880842146664,22.574167355547317
4.34,-0.5087745117302096,-0.9368158658438704,-0.32989511202567,-82.79110693916897,118.73405455454385,19.257594710596226
4.35,-0.72389029845257,-1.2036905683079555,-0.3539426635073307,-88.17790134723116,121.72138105420598,15.793986849710445
4.36,-0.9615209519847477,-1.4719947153890227,-0.39201081554118994,-93.31955024497549,124.87618021537563,12.223733106059385
4.37,-1.2193988359584778,-1.7402467502678485,-0.4430268871631702,-98.21335589851205,128.1552105525921,8.585446769568037
4.38,-1.4946311452409418,-2.0069324550627465,-0.5056162692458512,-102.85860233712755,131.51776123436466,4.915025031297439
4.39,-1.7839966653270007,-2.2705838548198765,-0.578238545494461,-107.25641744819504,134.92640293752268,1.2450658152931937
4.4,-2.0841649807224596,-2.529832957160148,-0.6592888160320349,-111.40959916035499,138.34742296280615,-2.3954448009568345
4.41,-2.391854524382961,-2.7834461293780977,-0.7471714816345623,-115.32242177553611,141.75102287474974,-5.981243407296406
4.42,-2.7039427688442346,-3.0303437645840763,-0.8403523901714427,-118.89153797358199,145.29898742182402,-9.779161093428842
4.43,-3.0175393106251813,-3.2696089467935288,-0.9373941267327378,-122.05551082903413,149.08656695989902,-13.951421543585907
4.44,-3.3300305023101164,-3.5004880560865548,-1.0369783060309334,-124.78441127011396,153.15987821304373,-18.582467965644156
4.45,-3.6391025654749134,-3.7223856293036683,-1.1379179669857025,-127.07155379106962,157.52958256284214,-23.700112239482053
4.46,-3.9427487086445776,-3.9348552843291444,-1.239162547276827,-128.9269743357466,162.18155208235504,-29.29208225139906
4.47,-4.23220781975036,-4.136981795537001,-1.3375885514325774,-130.37232288788016,167.08510770479842,-35.31885364348709
4.48,-4.501654887375694,-4.328201686878543,-1.4310323539139285,-131.43690057970667,172.19930925479377,-41.72349427410877
4.49,-4.747521237639845,-4.508232640894815,-1.5180760661944541,-132.154618875273,177.4776901461869,-48.43911842361574
4.5,-4.9679491640791165,-4.677014678637999,-1.597874810359259,-132.56169812729448,182.87175747770223,-55.39443885879629
4.51,-5.1623566824760525,-4.8346613183525555,-1.6700180345129754,-132.6949558371135,188.33351860451228,-62.51781464271371
4.52,-5.331092271096172,-4.9814191789345115,-1.7344187443508754,-132.59056235468918,193.81724598404057,-69.74011797297459
4.53,-5.4751629121885825,-5.117634716559008,-1.7912255640108263,-132.2831644568727,199.28065146776555,-76.99668176838603
4.54,-5.596021639182896,-5.243726974264154,-1.8407534092028748,-131.80529600986785,204.68560779256427,-84.22853903113968
4.55,-5.695403205691458,-5.360165388890953,-1.8834292832114885,-131.18701040554393,209.9985276028125,-91.38312336710943
4.56,-5.775198503224448,-5.467451841239326,-1.9197503141979948,-130.45568220733162,215.19048789173436,-98.41456592252194
4.57,-5.837360028672338,-5.566106256762692,-1.9502516593398058,-129.63593590843496,220.23716943639266,-105.28369611099552
4.58,-5.883832094327815,-5.656655168322671,-1.9754823238230421,-128.56270537932846,224.77830455780628,-111.9950866683803
4.59,-5.916500628249803,-5.739622741831705,-1.995987294149354,-127.1383972629154,228.58539535031005,-118.54547066054181
4.6,-5.93715836967351,-5.8155238420780355,-2.0122946770984136,-125.31549885129144,231.52947131156094,-124.92678402895396
4.61,-5.947482055417714,-5.884858781432559,-2.0249067776795524,-123.08286761729853,233.55546480097823,-131.1284257351004
4.62,-5.9490188461621925,-5.948109450019267,-2.0342942496617433,-120.45500525334077,234.6619766392098,-137.13890159666192
4.63,-5.931249554431189,-5.981219725964787,-2.019332217263643,-117.46374189167948,234.88541730666594,-142.9469863561851
4.64,-5.887991410306749,-5.969304313487079,-1.9669441545785402,-114.15185843207395,234.28768703746846,-148.54251254526915
4.65,-5.816282153661767,-5.904349197165337,-1.870080281026351,-110.56825990232072,232.94670628313946,-153.91687336840445
4.66,-5.715499867520656,-5.783391527998692,-1.7261180516337542,-106.764383323137,230.94923130598235,-159.06330934584093
4.67,-5.586673988235816,-5.6070890337692845,-1.53560549986175,-102.79158199876625,228.38549207835928,-163.9770341671756
4.68,-5.431950768927016,-5.378604779467123,-1.3012820693065148,-98.69927649380614,225.34527460272747,-168.65524356706595
4.69,-5.254183001625341,-5.102746214833372,-1.0273231348064757,-94.53370245500454,221.91514008567805,-173.0970415823469
4.7,-5.056619232209321,-4.78530835676871,-0.7187640354062932,-90.3371182976307,218.17653150238476,-177.30331090262865
4.71,-4.842672208827915,-4.432580019942041,-0.38106743520659625,-86.14736277794104,214.20456599840486,-181.27654786483708
4.72,-4.615750039343847,-4.05097952916005,-0.019804458043917395,-81.99767460469849,210.06735099304532,-185.02067770038036
4.73,-4.379136622938082,-3.6467925744354197,0.3595744688429173,-77.91670433192076,205.82569419891948,-188.54086170090704
4.74,-4.135910471852331,-3.2259900167755964,0.7518985908372366,-73.25354633751924,201.41620971285028,-191.66174232619315
4.75,-3.888893140799391,-2.7941076982661035,1.1523814094080307,-67.60626831581764,196.81225755225785,-194.27690582103
4.76,-3.640620208991801,-2.3561738042439275,1.5566835824861787,-60.758923270283404,192.0133391370156,-196.33168557475062
4.77,-3.3933291760746993,-1.9166721943299423,1.960944324325688,-52.63178268482118,187.03687080117462,-197.8095249762066
4.78,-3.1489597913363854,-1.4795324685426896,2.36178941858776,-43.24229921849969,181.91186889076712,-198.72123639009422
4.79,-2.909163279641491,-1.0481394532129489,2.7563222694681633,-32.67474491996304,176.67416416212114,-199.09660838165456
4.8,-2.680733536367571,-0.62393506790463,3.1113139475580405,-21.056835463610074,171.36283301396793,-198.9779096484996
4.81,-2.4681796766562543,-0.208404923819409,3.4055093578106406,-8.54195405109531,166.01759090947567,-198.41491835070312
4.82,-2.27425543276323,0.197016874590855,3.626706986321925,4.704159664035214,160.67694114358704,-197.4611722551113
4.83,-2.100383857148638,0.5910120929110274,3.769437368835472,18.513181608463192,155.37691154536836,-196.17119051343377
4.84,-1.9469962386158333,0.9724190810224962,3.8331292607994922,32.721189594420764,150.15024416809936,-194.59846381901417
4.85,-1.8138009221302136,1.3402555890928318,3.8206717599070763,47.17347461545482,145.02592968129434,-192.79404768644557
4.86,-1.6999950307280665,1.6937282623570173,3.7372967111825672,61.72767032585026,140.02900001960174,-190.80562497759755
4.87,-1.6044298373410562,2.0322324348151897,3.589719122329833,76.25559725791837,135.18051068515757,-188.6769296553769
4.88,-1.5257386553531966,2.3553450642941485,3.385484464274851,90.64413906160817,130.49765862985174,-186.44744500512243
4.89,-1.462434550041682,2.662813021595956,3.1324809923069075,104.79540320362506,125.99399343652115,-184.15230699702587
4.9,-1.4129838686887568,2.9545384385872193,2.83858290357889,118.60100437829465,121.38423982810123,-181.07559987846307
4.91,-1.3758605028414406,3.2305624123384202,2.511396505280037,131.97622153925104,116.49084756769203,-176.77730826740026
4.92,-1.349584896299248,3.491048036741563,2.1580868219704374,144.85666779633263,111.21661687276914,-171.02354129354148
4.93,-1.3327510668845681,3.7362634744259653,1.785266403215828,157.19531152903687,105.52309686608325,-163.7313881296287
4.94,-1.3240442935928867,3.96656557783691,1.3989316574138497,168.95982688965137,99.41366495772996,-154.92565001705952
4.95,-1.302114795631308,4.155210002519976,1.0201422447622273,180.13025009509016,92.92038744733397,-144.70517741048704
4.96,-1.2532708828215822,4.285701659333491,0.6634221018452641,190.69691713482584,86.09392179881436,-133.216943625186
4.97,-1.16959206943779,4.349234012458556,0.3382495615871212,200.65865850298889,78.9958541739124,-120.63632136986062
4.98,-1.0474324961479444,4.342660441860284,0.0502539081181726,210.02122709585507,71.69297630032837,-107.15230675326369
4.99,-0.88624178510117,4.266898160860054,-0.19782863082559576,218.79593634288975,64.25309729123762,-92.95666600950995
5.0,-0.687643170943656,4.12568255633106,-0.4053954768597444,226.9984868352411,56.74206173611165,-78.23617107969818
5.01,-0.4547193528282082,3.924604304874216,-0.5733784542266848,234.64796108242967,49.22170786494384,-63.16724786777364
5.02,-0.19146533879115954,3.6703736771105833,-0.7037745899741881,241.76596749053343,41.74855104826507,-47.9124909645012
5.03,0.09762510929097737,3.370266465480663,-0.7992821158547262,248.37591615591276,34.373020180040236,-32.61860553149277
5.04,0.4078667329793003,3.0317142888590256,-0.8630212181618353,254.50241056436099,27.13910914822283,-17.415424739685985
5.05,0.7346059949074659,2.662008918105861,-0.8983227369638578,260.17074074492325,20.084333925857592,-2.4157229178249615
5.06,1.073378343083559,2.2680959646404886,-0.9085710540220266,265.2700194745438,13.502955780852254,12.289865628929592
5.07,1.4200141650488738,1.8564379762948637,-0.8970899292297199,269.7404528776034,7.584619747065103,26.62453882408444
5.08,1.7707052394778942,1.4329308567058447,-0.8670621330731315,273.56027311121903,2.439442340512505,40.52478563698111
5.09,2.1220411629657714,1.002860705393717,-0.8214754484486197,276.7353928695025,-1.8819794610692027,53.9395764779339
5.1,2.471023320335463,0.570890782094181,-0.7630890389584692,279.2912737633511,-5.372705107180437,66.82938418147332
5.11,2.8150624062969385,0.14107042859701685,-0.6944153527904101,281.26658904796307,-8.056961123119796,79.16511109830937
5.12,3.1534578344645325,-0.26231933155922105,-0.6100335335020075,282.7083349238297,-9.98038769253037,90.92697901884081
5.13,3.485321839043351,-0.6233599284909781,-0.5071517978670524,283.66810607432024,-11.20249537057583,102.10342369327262
5.14,3.809692161530905,-0.9325016972059647,-0.3848957284024771,284.19930220491017,-11.790899447008384,112.69002388930024
5.15,4.1256126222732235,-1.184973343484842,-0.24375080600090643,284.3550747868599,-11.816977108437515,122.68848565311193
5.16,4.432188703450659,-1.379520408597302,-0.08512956900840662,284.1868583907367,-11.352657023761076,132.10569522999583
5.17,4.7286238829091305,-1.5174114753090735,0.08896094974163635,283.743360109545,-10.468104435031726,140.95284855875929
5.18,5.014241319944556,-1.6016615139067742,0.2761714788053409,283.06990461643574,-9.230109079948598,149.24466105178666
5.19,5.2884945624764095,-1.6364306560080246,0.47399879384439525,282.2080522181394,-7.7010198183665155,156.99865824099402
5.2,5.550970184670563,-1.6265640885770138,0.679923358619468,281.1954235582517,-5.938099959142434,164.23454558915873
5.21,5.801384645441332,-1.577244919632994,0.8915071555738048,280.0656779867106,-3.9932020568569904,170.9736541566078
5.22,6.039577156699172,-1.4937369820916568,1.1064604836783727,278.4584766005017,-1.9312066565703265,176.6859088853343
5.23,6.265499945130243,-1.381198782860745,1.322684806866047,276.156075230826,0.19536247743641977,181.04916677695306
5.24,6.479206965553119,-1.2445533137874412,1.538297343718781,273.0469710478162,2.344390418553329,183.89705990974267
5.25,6.6808418632383635,-1.0884013397334433,1.7516419472368208,269.0972013472377,4.482501109114889,185.17768581184967
5.26,6.870625775159309,-0.9169681681815482,1.9612898898985447,264.3278505109939,6.583628301157006,184.92111617336616
5.27,7.033976679356474,-0.7303925295675073,2.148190624938837,258.79757494301816,8.627795015624411,183.21404916076298
5.28,7.161942508903348,-0.5297824208707035,2.3001941529283947,252.58916715544936,10.600073244658157,180.18022594658453
5.29,7.249796597504936,-0.3168749737599763,2.410363530943146,245.79935595352637,12.48969924168576,175.96547794065805
5.3,7.295924409366345,-0.09377816685764831,2.4756339357379247,238.53118560778557,14.289322924739924,170.72647558633344
5.31,7.30094716421174,0.13722225884062805,2.495753946673965,230.88843786882018,15.994372710050298,164.62241919628275
5.32,7.267037453574121,0.37380425411470053,2.472455890655291,222.97166076562118,17.60251954045247,157.80905281820625
5.33,7.197389853326697,0.6137103201199325,2.4088114154496805,214.87545077682182,19.11322601666946,150.43449831631457
5.34,7.095816122641682,0.8548167112981191,2.308736225904137,206.68670306969406,20.527368414802545,142.63650274656487
5.35,6.966440054480759,1.0951781966503393,2.176614379963087,198.48360049557502,21.84692101223932,134.54077106844142
5.36,6.813471587278475,1.3330541750246188,2.0170179091921185,190.3351579522314,23.074693574920857,126.26012110843918
5.37,6.641043553318348,1.5669207772412956,1.8345019796928432,182.30117628302318,24.214114106596607,117.89425084829475
5.38,6.45309755411577,1.795472637176594,1.633459493798025,174.17600613582277,25.38300512374414,109.69852576574036
5.39,6.2533080243471355,2.017617238990279,1.4180220769505048,165.84166623891778,26.656749207328843,101.85271713038098
5.4,6.045035663809763,2.2324641181191893,1.1919969038079032,157.24438412784156,28.078853610721666,94.47754602087203
5.41,5.831303157401952,2.4393106840843632,0.9588308820249041,148.37622631726356,29.669312389522343,87.64806805346271
5.42,5.6147875298027525,2.6376260224118817,0.7215954061667967,139.26083780275266,31.431179657076452,81.40445569927552
5.43,5.395678563744048,2.820003287408671,0.4839152375644501,129.9424855715767,33.355695075214854,75.7606420177993
5.44,5.17464277854069,2.981809104612925,0.24870201009572285,120.47774605074875,35.42624229486919,70.71121154474993
5.45,4.952641193589905,3.120507377528222,0.018259690445448146,110.92929692456308,37.621370818806135,66.23685860754577
5.46,4.730792712861697,3.235121126863876,-0.20562316099469016,101.3613735566075,39.91707002638276,62.30867852152492
5.47,4.510273633718455,3.3258068797150266,-0.42159292944897986,91.83653275625221,42.2884494935206,58.89151126817361
5.48,4.292245562096848,3.393520532494644,-0.6286609980993838,82.4134346991361,44.710951093976696,55.946518954102004
5.49,4.077805483821917,3.4397572903168747,-0.8261431360053717,73.14540985000527,47.16119469916745,53.433146396140586
5.5,3.8679529503831915,3.4663513529578753,-1.013607150053407,64.07962376292485,49.61753977820709,51.31058755932135
5.51,3.663570330350886,3.4753235715007866,-1.1908278302295907,55.256690340954094,52.060429144381665,49.538858433835074
5.52,3.4654128911950686,3.46876742304157,-1.35774831253048,46.71061494256735,54.4725679173669,48.07955855114972
5.53,3.2741061411229784,3.4487654131787036,-1.5144470725767283,38.46897381158539,56.83897998451818,46.896388098442166
5.54,3.090148402215305,3.4173294762501194,-1.66110984526568,30.35460432863052,59.43593054275757,45.76017224406179
5.55,2.913917025970031,3.3763601509477805,-1.7980058415718676,22.259201053819517,62.43351757095632,44.51758334628011
5.56,2.7456770181712984,3.3276203057108824,-1.925467702996031,14.12520418405807,65.92262391557055,43.07290151201067
5.57,2.585591126643199,3.272720009208256,-2.0438746973911677,5.931598179301877,69.93619935204697,41.37350721607446
5.58,2.4337306752865886,3.2131098156933344,-2.15363871724521,-2.31713126369233,74.4659428599183,39.39841329307344
5.59,2.2900866111045475,3.150080287737822,-2.2551926933070066,-10.599499693612461,79.47526715188214,37.14926405548204
5.6,2.1239759699728533,3.0569654074662176,-2.3501981709559,-18.883492280493016,84.90927078050349,34.643329748099674
5.61,1.9161333586091152,2.9173756211674444,-2.439864079005462,-27.131412128400058,90.70231283659233,31.908108222115764
5.62,1.655851581819209,2.7226008132086843,-2.525054611217785,-35.30344604417766,96.78367707149133,28.97721530427483
5.63,1.3387192635573948,2.469557537539979,-2.606374623445612,-43.360222018721515,103.08172261516496,25.887303127608238
5.64,0.9648433222747568,2.1591780745717832,-2.6842368051126195,-51.26458048095704,109.5268442864435,22.67579360129684
5.65,0.5374638139800105,1.7951568535313278,-2.75891412997465,-58.98273841121621,116.05350424622578,19.379253846566268
5.66,0.06188503006680973,1.3829847516130869,-2.830580464287762,-66.48499010252068,122.6015462813896,16.032273174667207
5.67,-0.4553396411923018,0.929214234361853,-2.8993416900511564,-73.74605943782382,129.11696252319575,12.666728176632045
5.68,-1.007020265480231,0.4409086442316128,-2.965259269546194,-80.74519492171494,135.55224838616476,9.311344694056766
5.69,-1.5857821180671245,-0.07476248038859912,-3.0283678203527864,-87.46607945716535,141.8664536938357,5.99148365235129
5.7,-2.1843906687625454,-0.6108130759229263,-3.08868797510814,-93.89866202278718,148.0071734332843,2.5242879494807986
5.71,-2.795977402401644,-1.1606403713515179,-3.1462355571578287,-100.03603355692918,153.93476120476134,-1.199639734377837
5.72,-3.414188788789219,-1.7181551769225942,-3.201027903269442,-105.87426332328675,159.62023771219253,-5.2352823082748845
5.73,-4.033276361902207,-2.2778589924143464,-3.2530880004660467,-111.41216899094663,165.04348786328893,-9.59819791215077
5.74,-4.648142294539469,-2.834881021713831,-3.302446969700465,-116.65104681967532,170.19171137100597,-14.276225451740174
5.75,-5.2365478668335035,-3.3633709722432954,-3.338147981544478,-121.5943818714409,175.05809547009036,-19.238541205444868
5.76,-5.783582612848183,-3.8462049483547744,-3.3533679531013387,-126.2475530179162,179.6406817707159,-24.442588155740573
5.77,-6.279966910739835,-4.27293002280966,-3.3443862700764697,-130.61754343830762,183.94140237748232,-29.8393053840997
5.78,-6.720691024704623,-4.638121032950035,-3.3097678687604635,-134.7126641014067,187.96526322112368,-35.37700664364584
5.79,-7.103929682382606,-4.940074321770263,-3.249720560386511,-138.54229523434782,191.71965509888003,-41.004192456597224
5.8,-7.430181659088572,-5.17977606549552,-3.1655934904949112,-142.11664886142327,195.21377521548777,-46.67152655954171
5.81,-7.701592530872621,-5.3600936287617404,-3.059489469131764,-145.44655403699676,198.45814407847286,-52.33316337663331
5.82,-7.921426020433351,-5.4851474031254845,-2.933968771296188,-148.54326530482652,201.4642044472065,-57.9475768745839
5.83,-8.093655420358598,-5.559828099300406,-2.7918260491462434,-151.41829411649772,204.24399068295656,-63.47801133094297
5.84,-8.222651628948523,-5.589430718846586,-2.635925351407088,-154.08326237263054,206.809858314248,-68.89265012785529
5.85,-8.312948537058091,-5.579381630126125,-2.4690810235346423,-156.54977686205007,209.1742649347348,-74.16457874537276
5.86,-8.36906999676877,-5.535039487472591,-2.2939745590487988,-158.52669615886813,211.24295410738677,-79.3155569686262
5.87,-8.395405499621594,-5.461554306053159,-2.1130993676122607,-159.83615437609407,212.96144758372412,-84.35529873658125
5.88,-8.396124090824753,-5.363771959376836,-1.9287269857458464,-160.38511769789977,214.30494023213365,-89.2852480752415
5.89,-8.37511802813508,-5.246173804076272,-1.74288953766433,-160.14286605699695,215.27030386008144,-94.10146120535902
5.9,-8.335969328855168,-5.11284314341325,-1.5573743036616203,-159.1232900739727,215.86980507847204,-98.7967765393865
5.91,-8.25899650009254,-4.959886699648372,-1.363690990114826,-157.37108739408308,216.12621130787593,-103.36242066258023
5.92,-8.132790072345761,-4.785838319280453,-1.15688102349048,-154.95110427188612,216.06901651076183,-107.78917060864737
5.93,-7.952068595549216,-4.590962026400757,-0.9345905085002062,-151.9402028522381,215.7315660904643,-112.06816982390094
5.94,-7.715989325920454,-4.376710263648821,-0.6963418601735507,-148.42114645476641,215.14890017876868,-116.19147635316129
5.95,-7.426827438448843,-4.145307054316252,-0.442966164324696,-144.4780879789668,214.3561675489656,-120.15240629395959
5.96,-7.088952785676119,-3.899431255870094,-0.17616504824973922,-140.19332341844483,213.38748974337315,-123.94572288156648
5.97,-6.708045865475741,-3.6419795887598436,0.10182356124739281,-135.6450360236519,212.2751776227102,-127.5677112075453
5.98,-6.290505169203582,-3.3758928652743627,0.38847676893519234,-130.90580908492703,211.0492212109588,-131.01617013876336
5.99,-5.843006802923928,-3.1040319381066594,0.6811722556099689,-126.04172847237083,209.7369890804656,-134.29034615781637
6.0,-5.3721845000088395,-2.829092443744778,0.977321972226304,-121.11193151973599,208.3630861497028,-137.39082831075692
6.01,-4.884404118769863,-2.5535495214231565,1.2744652867570316,-116.16848787919342,206.94932911314822,-140.31941899152554
6.02,-4.385611650428141,-2.2796254193739216,1.5703307162842506,-110.63752757119069,205.32886967113362,-142.96859134431875
6.03,-3.881237824228699,-2.00927431962769,1.8628735916667694,-104.1706500566763,203.401979201737,-145.27314286781248
6.04,-3.376145733589729,-1.7441798735234892,2.1502955375146895,-96.5873000058907,201.11877773572502,-147.19969982912966
6.05,-2.87461064208691,-1.4857618866770723,2.4310504517678124,-87.82930411364099,198.46561920658314,-148.73838358184395
6.06,-2.38032336322994,-1.235189361450507,2.703840691406967,-77.92526933446483,195.45444035865413,-149.89623738984665
6.07,-1.9115570502111534,-0.9899679759292989,2.958602772147567,-66.96294776933485,192.11450277234968,-150.69208204315797
6.08,-1.4803722432835758,-0.7486757455340183,3.1888720109923767,-55.06801051491064,188.48605908812254,-151.15252669749438
6.09,-1.0940758896732008,-0.5106624946921661,3.3909202575796975,-42.38795301762414,184.6155589808044,-151.3089098210861
6.1,-0.7563887575033639,-0.2758166325429983,3.5630679377083867,-29.08008707623786,180.55208053610335,-151.19498544744044
6.11,-0.4683743384279365,-0.044385986519474174,3.705138431907681,-15.30276737568758,176.3447307564902,-150.84520342578764
6.12,-0.22917324254120827,0.18315815294722615,3.8180283165794853,-1.2091598521747429,172.04080694859607,-150.29346014004136
6.13,-0.03657948790582885,0.4062226342689944,3.9033715941276803,13.057009213547175,167.68455037922675,-149.57221916594017
6.14,0.11251126055125925,0.6241669047175995,3.963279875692309,27.364176076765748,163.31635622774985,-148.71192034058618
6.15,0.22175674173147014,0.8363561806660447,4.0001436773888175,41.59449799755029,158.9723306806515,-147.7406113899148
6.16,0.2951060861857729,1.0421980594170548,4.016482651137128,55.64453788022998,154.68410799225896,-146.68374915319063
6.17,0.3366040545440464,1.241166382248808,4.01483478101858,69.42530596140745,150.47885829739857,-145.56412802572166
6.18,0.35024788352856195,1.4328154020242088,3.997676408781393,82.8522704944158,146.15555464310665,-143.60756592413767
6.19,0.3398856189068532,1.616786689796852,3.967366469266361,95.85777976913782,141.59304125964738,-140.3352050533921
6.2,0.3091469013473237,1.79281070980047,3.9261095700321182,108.38922044541212,136.72934294859442,-135.48917765975702
6.21,0.2613988938020321,1.960704581377026,3.8759335829647337,120.40724036076648,131.54538211943589,-128.97381587481163
6.22,0.19972145814556463,2.120367213370489,3.818678265830455,131.88406499390578,126.05226448053486,-120.80948422887904
6.23,0.14340523007535388,2.2722532608049146,3.7372596684191826,142.80192639711788,120.28144281591823,-111.09662550025706
6.24,0.10525305667224336,2.4167048047078703,3.62143016542123,153.1516154367893,114.27719176455392,-99.9880372036018
6.25,0.09313587449767104,2.55398833204468,3.4660294715723055,162.93116213270292,108.09092909739081,-87.66775095282036
6.26,0.111231571472965,2.684322237085312,3.2696044404796716,172.14464437871078,101.77700405983944,-74.33518175731058
6.27,0.16100545329879548,2.807896885103351,3.033327984717049,180.8011220444285,95.38964377760665,-60.1934588010627
6.28,0.2419807736993661,2.9248888860505895,2.760159707431487,188.91369114231472,88.98080692214297,-45.441051646188285
6.29,0.3523393081792804,3.03547090291155,2.454201038760148,196.49865118734542,82.59874182503842,-30.26597302575167
6.3,0.4893848843827835,3.1398180548985923,2.1202061541253086,203.57477790755686,76.28708572095816,-14.841977272377587
6.31,0.6498969015049021,3.2381117595216358,1.7632169945536735,210.16269294580502,70.08437421487817,0.6737131358709121
6.32,0.8303959849490785,3.3305416815136626,1.388296546334971,216.28432201588777,64.02385660925322,16.141527334167428
6.33,1.0273398690333817,3.417306313646751,1.0003393662969957,221.96243305152046,58.13353439341452,31.43981035334242
6.34,1.2372642439393164,3.4986125988224357,0.6039423260647389,226.9124238456457,52.342910556583114,46.45517105178719
6.35,1.4568805287279656,3.574674909624923,0.20332183370827572,230.96525161993995,46.611783506574376,61.094476165411564
6.36,1.6831402437816396,3.645713626760835,-0.1977335084147282,234.03830521365524,40.92185842233476,75.28289992892161
6.37,1.9132737725187923,3.7119534981323214,-0.595883636543206,236.11233921710883,35.2702219410048,88.96197696818291
6.38,2.1448097557260564,3.77362191293056,-0.9882381653445506,237.21333648471702,29.664315476171463,102.08770909484801
6.39,2.3755800953727,3.830947187800837,-1.372343474676792,237.3983632859833,24.118108267995357,114.6287613037358
6.4,2.5998887117597898,3.8772764524558068,-1.7160303141694073,236.74464628867705,18.64922584955618,126.56477031204375
6.41,2.8137592259001947,3.9085348015273476,-1.9988132670643695,235.34123789047567,13.27683481243707,137.88477974360617
6.42,3.0145585708851264,3.9225788937117447,-2.2090333579793535,233.28275057501438,8.020122112812032,148.58580902075124
6.43,3.2006922631730252,3.918685103017121,-2.3415873336262876,230.6647357199925,2.89723797576396,158.67155774499963
6.44,3.3713587457566487,3.897147030027108,-2.396134734400566,227.58036079274643,-2.075403178856002,168.15124346861907
6.45,3.5263523117559696,3.858961583498881,-2.375692786087431,224.1181037968163,-6.8835485355202275,177.03856798988699
6.46,3.6659058774581093,3.805586512198222,-2.2855449185161296,220.36023742306395,-11.515327091245096,185.3508054079042
6.47,3.7905663505336116,3.7387553212871567,-2.132401863176276,216.38191949502732,-15.961318019939903,193.10800395479004
6.48,3.901096576481904,3.6603380461034094,-1.923765217894405,212.2507425626983,-20.214509590192254,200.3322929278783
6.49,3.998398881898991,3.5722384625259305,-1.667452450792602,208.02662521919007,-24.27018182239479,207.04728574637994
6.5,4.083456098754987,3.476320057849093,-1.3712498490056633,203.7478699661184,-27.99681283803104,212.67723811805217
6.51,4.15728667645856,3.37435452857843,-1.0426661536509614,199.45084115371313,-31.31315316721365,216.872073178089
6.52,4.22091109085116,3.2679877617681075,-0.6887647748009662,195.1690778820652,-34.175924463461044,219.45073893658318
6.53,4.275327260667289,3.158719236426448,-0.31605672821857506,190.93275560567895,-36.57003155994734,220.35635302309967
6.54,4.321493098674139,3.047891586367682,0.06956006980056945,186.76841104579577,-38.50082379861976,219.62092885489972
6.55,4.36532323874074,2.9401466354045365,0.44792368054741843,182.6988624254286,-39.98802180237115,217.337862658336
6.56,4.410794779757123,2.838672022479638,0.8050998492017373,178.74327124544544,-41.060992854046724,213.6406819655561
6.57,4.46041272671815,2.7455319806660423,1.1319665018456369,174.9173033696926,-41.75511390659551,208.68682357956027
6.58,4.515580161333771,2.6619331728962154,1.423076512201284,171.2333565452051,-42.10900776038813,202.64543123289894
6.59,4.576890835290502,2.5884372730854763,1.6757485752036188,167.70082903551747,-42.16247661277999,195.6883475813263
6.6,4.644358801105949,2.5251299962292646,1.889344556363295,164.32641011206806,-41.95498928187915,187.98362794375498
6.61,4.717597128363765,2.4717546193105724,2.0646988261676817,161.11437799776618,-41.524605002010624,179.6910295188502
6.62,4.795955615087787,2.427816645422095,2.2036710573847085,158.06689470974257,-40.90723868436706,170.9590340466284
6.63,4.878625625979567,2.392665103212305,2.3087989460634075,155.184290288985,-40.13619069161989,161.92304771329822
6.64,4.964718712894673,2.3655550061025012,2.3830314714849945,152.46533128510234,-39.24187912775607,152.70449260313168
6.65,5.053324449128085,2.3456946898513076,2.429526769117618,149.90747021049387,-38.2517249298771,143.41056176906997
6.66,5.143551896435553,2.332281076924681,2.4515015658739725,147.36557019676815,-37.1613708178502,133.9915177304853
6.67,5.234558287417242,2.3245253597945146,2.452121513225886,144.74667970255015,-35.974332817335025,124.43781278949243
6.68,5.325567816663078,2.3216711342175804,2.434423730693636,141.99695166216304,-34.69943921026227,114.76749652503536
6.69,5.415882867324013,2.3230066321391494,2.4012645070183156,139.09130523679613,-33.34886932798657,105.01655872414237
6.7,5.504889534905876,2.3278723889934785,2.3552864554167563,136.02531293266594,-31.936671917756705,95.23161873945637
6.71,5.576885984484167,2.341646014547315,2.2869931200283173,132.8088868030326,-30.47766479857961,85.46448013735363
6.72,5.621943503104584,2.3675204256230247,2.1911148626078814,129.4614131849253,-28.986635729508805,75.76815879957701
6.73,5.634480157991983,2.407064135457942,2.0654939890617947,126.00804839077672,-27.47777946312649,66.19406642331477
6.74,5.612129385484969,2.460663338891652,1.9102083692224539,122.47694004916394,-25.96431837197744,56.79009220262652
6.75,5.554848495816598,2.5278681233604257,1.7268881190875207,118.89718211123495,-24.458264254926664,47.59937552884139
6.76,5.464221670387568,2.607661208441218,1.5181879494066755,115.29734737835818,-22.970287322321,38.65960363216994
6.77,5.342920025667805,2.6986643463144,1.2873844699198225,111.70447099719595,-21.509665232410015,30.00270172113246
6.78,5.194287976927428,2.7992947961568504,1.0380732928066614,108.1433827488979,-20.084290665526193,21.654810633130417
6.79,5.0220306713829315,2.9078820278601762,0.773945385845569,104.6363060011586,-18.700720493572515,13.63646935294882
6.8,4.829981856007932,3.0227529393544144,0.498625940270137,101.20265762674109,-17.364253311365808,5.9629378752935125
6.81,4.62193535354383,3.14229232384876,0.21556217070578082,97.85899663251851,-16.079025094355178,-1.3553894756046851
6.82,4.401526470277197,3.2649840451718415,-0.07205093551578423,94.29362122159135,-14.66805657020028,-7.90256720214145
6.83,4.172152259561972,3.389437326295658,-0.3613157628331157,90.31420595693201,-13.020944154660075,-13.420292195588523
6.84,3.9369217071696108,3.5144016904285236,-0.649655192439575,85.81747089156065,-11.077089895842652,-17.768979043525462
6.85,3.6986286650315545,3.6387733841917638,-0.9348193563065602,80.76523780060799,-8.812445116622992,-20.89685500355593
6.86,3.4597418031263736,3.761595531892964,-1.2148804945680376,75.16566695462794,-6.229106184138179,-22.815583968125175
6.87,3.2237061286795208,3.861396138421119,-1.4789808079876994,69.05868017834034,-3.3472169738420003,-23.581187851382218
6.88,2.993168022606414,3.9245849283391276,-1.7200164151105581,62.504752712217766,-0.19872933066178922,-23.279249982348002
6.89,2.7701143994692377,3.943507227234059,-1.9337485592810404,55.57640336509732,3.1773467141979532,-22.01356516233821
6.9,2.5559903895284934,3.9149001194418074,-2.1180933547724274,48.351834445885615,6.738504399829116,-19.897550841729306
6.91,2.351798633797796,3.838675858833703,-2.272557450161251,40.91027406290335,10.441359404407315,-17.047858287734016
6.92,2.158182858899762,3.716970587402762,-2.3977925871830923,33.32865700861133,14.243526926356033,-13.57972577836496
6.93,1.975498030514346,3.5534073211902673,-2.495246713811304,25.679349489332132,18.104919016759556,-9.603701245039952
6.94,1.8038690651129001,3.3525312431133427,-2.566893217266377,18.02867983810803,21.988593294613004,-5.223432323572792
6.95,1.6432398031825886,3.119382891608839,-2.6150230995463244,10.436084099445882,25.861258511700697,-0.5342799212774052
6.96,1.4934137077559555,2.859181100760255,-2.6420876291450734,2.953713704845984,29.693521378924558,4.377440766164195
6.97,1.3540875449511809,2.577092740776688,-2.650581255911853,-4.373616201492776,33.45994183899774,9.434748615549687
6.98,1.2248791241894754,2.2780706033821105,-2.6429564457330335,-11.709825485537559,37.16061983888873,14.377575752522528
6.99,1.1053500211100762,1.9667443229549593,-2.621563640448473,-19.15001758172813,40.79121931987544,19.026962152926103
7.0,0.9950240727409655,1.6473521456259905,-2.5886108288251286,-26.738904724536056,44.34475563311655,23.266546530663543
7.01,0.8934023194050744,1.3237037595436778,-2.5461382708203106,-34.48522933242883,47.812920416941324,27.027704157199086
7.02,0.799974968706642,0.9991663678595492,-2.49600478702729,-42.37295371145057,51.18704226668234,30.277673214197062
7.03,0.7068455552177939,0.6645297912687183,-2.4357726397793202,-50.36985237650221,54.458762844252036,33.01012338092251
7.04,0.6088931554094621,0.3147114655972832,-2.364360303145858,-58.43402674487537,57.62049269153746,35.23771416012381
7.05,0.5030857015636124,-0.05235795037780999,-2.2816631152303,-66.51876694604188,60.665698375113266,36.98626884318578
7.06,0.38793612222592,-0.43660656336916265,-2.1882573746373057,-74.57610681962326,63.58906223531763,38.29025545428226
7.07,0.263074516676316,-0.8364975562968395,-2.0851717226186244,-82.55935315140755,66.38654755142781,39.189320562287776
7.08,0.12891426428048003,-1.2495482111726681,-1.9737125413085008,-90.42481656466241,69.05539504111191,39.725667255256944
7.09,-0.01360612010721067,-1.672723107122276,-1.8553324984760131,-98.13292734176129,71.59407101462743,39.942106309831495
7.1,-0.1632203203085142,-2.102727209849799,-1.7315333598264704,-105.64888320550189,74.00218297549102,39.88064090057826
7.11,-0.3184829757819505,-2.536219809559685,-1.6037958380230481,-112.94294640422358,76.2803748104677,39.58147113001655
7.12,-0.4778798534470744,-2.9699663300933468,-1.4735306096178122,-119.9904832008406,78.43021078536788,39.082326101434404
7.13,-0.639907571052958,-3.4009417862924796,-1.3420457543588173,-126.77181912705076,80.45405522855046,38.418048945950616
7.14,-0.8031294756535649,-3.82639699466072,-1.2105267956828296,-133.33314898089134,82.38824395619064,37.39301148958292
7.15,-0.9662130165087088,-4.243896447980605,-1.0800262800208271,-139.70205795663006,84.25719380805872,35.893661584674824
7.16,-1.1279529115044475,-4.6513349669204045,-0.9514604538477701,-145.89285478859568,86.0764150994991,33.86723719436429
7.17,-1.287283552337712,-5.046938773211834,-0.8256111046603924,-151.91068706703396,87.85488213754518,31.304997467919833
7.18,-1.4432833946780113,-5.429255433116516,-0.7031310448940107,-157.75468176724456,89.59688459768341,28.229114407920534
7.19,-1.595173508875241,-5.797136149346056,-0.5845520525912383,-163.420309562174,91.30346071613589,24.682519719996925
7.2,-1.739339264138316,-6.138904440601043,-0.47423377301910613,-168.9011346802244,92.97349509919712,20.721127125894185
7.21,-1.873409472537444,-6.447192478702745,-0.37495734079888293,-174.1900816606833,94.60454888701278,16.40795489336356
7.22,-1.995967560562251,-6.717900873936252,-0.2883053437539542,-179.28032528679717,96.19347752953901,11.80876003435158
7.23,-2.1063198247872537,-6.949369378402443,-0.21496477806910458,-184.16588934923595,97.73688111249612,6.98886744678649
7.24,-2.204310475338291,-7.1417197578494,-0.15496714524266264,-188.84202296233207,99.23142365371541,2.0109366670064164
7.25,-2.2901749202689543,-7.296338758414953,-0.10787740254780837,-193.30540929500827,100.67405077525382,-3.0665420862923765
7.26,-2.364424208487642,-7.415474671622734,-0.07294144159489462,-197.55425026284482,102.06212939210543,-8.190190533454558
7.27,-2.4277547734611997,-7.501925653725223,-0.04920007016708793,-201.58826151838593,103.39352833303826,-13.312258417382598
7.28,-2.480978642583275,-7.558801831864636,-0.03557605676341479,-205.40860460701765,104.66665494609278,-18.390820672300656
7.29,-2.524970129985961,-7.589346454319933,-0.03093961961051353,-209.01777711985477,105.8804595925544,-23.38974109512707
7.3,-2.5606257408601394,-7.596804020626816,-0.03415676380872178,-212.2390080664813,107.26854825589871,-28.370003039819224
7.31,-2.5888346059738296,-7.584325548382362,-0.044124059310174664,-214.9642525910326,108.97721881756584,-33.363535246575644
7.32,-2.6104572553954837,-7.55490297187597,-0.05979278125043766,-217.13711825444534,111.0873671779644,-38.38140427773211
7.33,-2.6263109467604187,-7.5113261862864125,-0.08018477976213748,-218.73931767914704,113.63181488769524,-43.420177617103505
7.34,-2.637160099511596,-7.456157503003805,-0.10440198943982026,-219.77999127005873,116.60891889687768,-48.466816160839045
7.35,-2.6363832088945,-7.379724246714356,-0.12141252690575173,-220.28735788194683,119.9931731338199,-53.50239005413295
7.36,-2.6200454579441295,-7.2766094764606635,-0.12410233015334932,-220.30224652674787,123.74338591524462,-58.50485810209858
7.37,-2.5862113670887807,-7.144532132338582,-0.10831562395077306,-219.87314153595662,127.8089126159094,-63.45110649751549
7.38,-2.534402194288747,-6.9834665315787845,-0.07209310948861919,-219.05243957105077,132.1343361667086,-68.31840584211034
7.39,-2.4651707763720827,-6.794955639136176,-0.015071057869519323,-217.89367166773778,136.66291592514804,-73.08541511276931
7.4,-2.3797713005311802,-6.581580596200201,0.061989099544662196,-216.44948892718165,141.3390658429816,-77.73283626540628
7.41,-2.279905491291752,-6.346555695313381,0.1575657427499694,-214.7702480619979,146.11007359994966,-82.24380267565073
7.42,-2.1675300218106868,-6.093423561705967,0.2696572018402168,-212.90306405662815,150.92723176232766,-86.60406783132161
7.43,-2.044712718040346,-5.825829921369049,0.3959939647326298,-210.89122279535547,155.74651861752005,-90.8020469839167
7.44,-1.9135274119334538,-5.54736116259038,0.5341967812496076,-208.77386755786785,160.52893892037568,-94.82875330566019
7.45,-1.7759791927816027,-5.261431059876203,0.6818919427833872,-205.9761932829293,165.2133369477729,-98.55440909153239
7.46,-1.6339533690479904,-4.971205637298658,0.8367929087004411,-202.14782215236588,169.7538058227624,-101.89773251180969
7.47,-1.4891827413720877,-4.679557294694302,0.9967557100561426,-197.10579344414754,174.11690787675897,-104.81416950599922
7.48,-1.3432288467338651,-4.38904108231144,1.159814127067263,-190.7895348296812,178.27934203101873,-107.28651894447333
7.49,-1.1974737026175786,-4.101887452459993,1.3241994578840415,-183.22555608991314,182.22599107778927,-109.31751049388242
7.5,-1.0531192907219264,-3.8200069948986766,1.488348729520131,-174.50000307711088,185.94829138632636,-110.92397063405289
7.51,-0.9157753415658447,-3.528239928288464,1.6470371945068254,-164.7375402724215,189.44287586012084,-112.1322757584291
7.52,-0.7891669554166783,-3.217425056274667,1.7966893858510264,-154.0853051665866,192.71044811203967,-112.97484424235192
7.53,-0.6755756467113339,-2.882850613703447,1.935006007947574,-142.70090593354243,195.75485196208825,-113.4874634693135
7.54,-0.5761923823576246,-2.523034470783921,2.0606636379620573,-130.74362306878075,198.5823056353699,-113.7072844880716
7.55,-0.49139862317195215,-2.1387710865635685,2.1730742019952345,-118.368132222138,201.20077456435735,-113.67134743394973
7.56,-0.42098863811039977,-1.732393668359037,2.2721933944613943,-105.72019474975069,203.61946058261242,-113.41552609810698
7.57,-0.3643440701539586,-1.3072092010833483,2.3583690555287182,-92.93386906645007,205.84838862554435,-112.97380092175673
7.58,-0.3205698195645894,-0.8670716600724542,2.4322220664616463,-80.12988349764731,207.8980749045976,-112.37778694592187
7.59,-0.2885987145812891,-0.4160650662314657,2.4945536139119886,-67.41488319698668,209.77926296088884,-111.65645746481205
7.6,-0.267271110648639,0.0417267036299368,2.5462737519241547,-54.88132248497898,211.50271609021394,-110.83601581926922
7.61,-0.25539445405240047,0.5023820960195058,2.588347088714668,-42.607821911813375,213.0790564131235,-109.93987735142589
7.62,-0.2517869281738455,0.962251212625034,2.621752172932656,-30.326254575602185,214.0828513529908,-108.58561613532487
7.63,-0.25530853994630587,1.4180245101448734,2.6474517753965334,-17.88133045442305,214.25173534283152,-106.53936668087718
7.64,-0.264882374795637,1.8667706631296102,2.6663717777212277,-5.200343094899212,213.44548917841752,-103.67818783104681
7.65,-0.27950822873458864,2.3059514028246317,2.6793868060681794,7.730504250830888,211.6136517708967,-99.96032335279645
7.66,-0.29827039816640816,2.7334195264366703,2.68731110100875,20.884462593459148,208.77006431417456,-95.40187199685205
7.67,-0.32034105605210894,3.1474049536378406,2.690893405425708,34.20833407437801,204.97302684350257,-90.0586408611906
7.68,-0.3351454952076218,3.5411128491573867,2.6752937140375916,47.633156142756015,200.3099804719057,-84.01217334599869
7.69,-0.3358827933844562,3.910093543666416,2.631425077210726,61.08217120107818,194.88582274617994,-77.3591238538718
7.7,-0.3185998714266001,4.251707937844445,2.5545003107891135,74.47665050562435,188.8141248891135,-70.20330159003439
7.71,-0.281456537174696,4.564696721430103,2.442882999639939,87.74003418956347,182.21065352211832,-62.649830344786196
7.72,-0.2241459283124573,4.848834955419084,2.2971855713112483,100.8007610920486,175.18871028529156,-54.800974198027795
7.73,-0.14744096842543744,5.104656662816589,2.119567249739093,113.59408950237469,167.85589437184888,-46.753264211059744
7.74,-0.05284262132667747,5.333236671295268,1.9131930579371326,126.063150341724,160.31196855146212,-38.59563133797906
7.75,0.0576899656134513,5.536019127846245,1.681821992449397,138.159425507924,152.64757144477701,-30.408308496017817
7.76,0.1819437583881371,5.714683927203533,1.4294982683172468,149.842804259955,144.94356987266605,-22.26231207730092
7.77,0.31760393085388117,5.871043818493438,1.1603243229889169,161.08133807865667,137.27088691983766,-14.219351920902923
7.78,0.4623646511886345,6.006966225615406,0.8782982323557912,171.65131546137778,129.43248214563494,-6.0242281189878115
7.79,0.614007417266585,6.124314876386006,0.5872014677422516,181.41094972608605,121.31878409243888,2.4714789463828186
7.8,0.7704541158033934,6.224907217348287,0.2905256233991683,190.28101251808323,112.88406451850682,11.33768995898139
7.81,0.929800594320231,6.310484323969218,-0.008571034215564932,198.2293264622642,104.12795702952698,20.588009404515574
7.82,1.0903353959063253,6.382690623854383,-0.3072845208350565,205.25841757629823,95.0811275793492,30.196979536164307
7.83,1.2511540974571747,6.424463291060453,-0.5866651600369079,211.39574725707945,85.7942815093153,40.11336736098658
7.84,1.4113245082977413,6.42559767315222,-0.8343031920381183,216.6860433971576,76.32983902213448,50.270273477315584
7.85,1.5699371569109302,6.381001410960047,-1.0427653194184603,221.18533355297785,66.75573311232564,60.59270803495368
7.86,1.7261399131991357,6.2893151123770075,-1.2083480006918805,224.95635267250614,57.14088510474738,71.00316013764262
7.87,1.8791603831220893,6.151830565697058,-1.330089224927447,228.0650558940847,47.55199653960479,81.42558862227617
7.88,2.028318993778034,5.97164958613434,-1.4089905567370489,230.578015207918,38.05136509096408,91.78818093449327
7.89,2.173035098268368,5.753036675879153,-1.4474096386274045,232.56051889388243,28.69548895626729,102.02515992065156
7.9,2.3128279488292875,5.500927068597048,-1.4485903412940948,234.07522593659655,19.534270754558424,112.07786337467255
7.91,2.4473139951734906,5.220558698055911,-1.4163035852231316,235.18125518534362,10.610670138197014,121.89527610430636
7.92,2.5762016472577725,4.917202408874154,-1.3545767074750648,235.9336118110663,1.960685494874534,131.43415743038344
7.93,2.699284384841537,4.595969510042769,-1.2674932747811696,236.38287240500316,-6.386429503114797,140.6588769946948
7.94,2.816432889446079,4.261679722841122,-1.1590485821225582,236.46158897867804,-14.100991282728835,149.1974731435859
7.95,2.9275867086939424,3.9187758318984507,-1.0330488376836136,236.14034471924865,-20.97425012418474,156.81356554851538
7.96,3.0327458310482758,3.5712740272559134,-0.8930443154699009,235.4172459075408,-26.88908542574913,163.37356150884372
7.97,3.1319624445015846,3.2227411235427237,-0.7422886358274507,234.30970338981444,-31.796665383089003,168.82053100406605
7.98,3.2253330706628507,2.876291641268818,-0.5837178786815815,232.84806330731428,-35.697971888253925,173.1535221117292
7.99,3.3129912017315757,2.5345992029840376,-0.41994450082253815,231.07072509940448,-38.629281305337024,176.41130050374167
8.0,3.394830227522985,2.2134182930733797,-0.26041684739212306,229.02044990801642,-40.650850312863035,178.65967384966788
8.01,3.4708689253748384,1.923049136985544,-0.11159371545994333,226.74161656227182,-41.83818820914585,179.98170966577447
8.02,3.541220594395864,1.6696352657769566,0.022367295259457617,224.2782271151597,-42.275407173624394,180.4702781628415
8.03,3.6060680950539363,1.4561993918621075,0.13905788194161364,221.67250095701678,-42.05023352481971,180.22245394012555
8.04,3.665643781536179,1.2834655587793224,0.23737884707352735,218.9639271204336,-41.250339017407086,179.33539530153865
8.05,3.7202134774980022,1.1505072740841154,0.3171911007372599,216.1886695916226,-39.96071420851623,177.90339036041976
8.06,3.7700637837388054,1.0552544387759195,0.3790408764421536,213.3792411557962,-38.26185802888329,176.01581733253474
8.07,3.815492122801198,0.9948861329164526,0.4239451328465951,210.5643782850598,-36.22860071205992,173.7558144970719
8.08,3.8567990237300576,0.9661315227540673,0.45322557695845955,207.76906346060665,-33.92941267297434,171.19949491724168
8.09,3.894282233010545,0.9654971655700364,0.46838179653170414,205.0146526372326,-31.426081052738287,168.41557357085094
8.1,3.9282323073836634,0.9894356745267363,0.4709956964879766,201.88909426473185,-28.77017319277147,165.3704184141467
8.11,3.958929402817681,1.0344679573402655,0.4626608520611487,198.13839834844174,-26.007978513466462,162.05867106427024
8.12,3.986641023098421,1.0972689672117137,0.4449315670130818,193.62659839170274,-23.180469233376773,158.49466521317296
8.13,4.011620532740785,1.174725024341917,0.419287398314545,188.30412326266412,-20.32342250379382,154.70580349604487
8.14,4.034106273449876,1.2639692160981877,0.38710971246941067,182.1829933337767,-17.467655577669547,150.72750543366715
8.15,4.049410038937945,1.359459956178687,0.34378281567669944,175.3175338458143,-14.639336285106586,146.5994092941762
8.16,4.054669807589129,1.4570299029725864,0.2867782441940352,167.78953047723988,-11.860339698525673,142.36256894438213
8.17,4.048389553519675,1.5536073559583956,0.21510117448826685,159.69694505706676,-9.148628800144165,138.05743494930897
8.18,4.030075182736995,1.6469885341437729,0.12885560569756477,151.1454695733944,-6.518642513123294,133.72244898472715
8.19,3.99994855207511,1.735652031253427,0.028905647691170516,142.24232943403288,-3.9816788755126455,129.39311344142388
8.2,3.9587246873974395,1.8186081659087083,-0.08338573819126459,133.09185682148885,-1.5462646302840835,125.10142508954597
8.21,3.907439949805897,1.895277143434742,-0.20635585949142854,123.79244573111839,0.7814947529292449,120.87558381639982
8.22,3.8473210889091782,1.9653909538819878,-0.33819181422945566,114.4345750652842,2.997588476269824,116.7399055729369
8.23,3.7796869419912547,2.028914777821918,-0.4770406538321723,105.09964764593246,5.099799444285958,112.71488345049859
8.24,3.705876047387647,2.08598438247179,-0.6210885234807807,95.85944344166525,7.087429895081535,108.81735283539344
8.25,3.627194690240489,2.136856586923891,-0.7686155428364021,86.77602655932422,8.961053673573918,105.06072633496055
8.26,3.5448809317545793,2.181870374671489,-0.9180318930139872,77.57214521071926,10.865165603628016,101.56628767047911
8.27,3.4600810250181686,2.221416649460565,-1.0678995085724565,68.08521489635268,12.8915369221994,98.410846651856
8.28,3.373835321549846,2.25591497964106,-1.2169428975191767,58.23700812449291,15.092436098838476,95.63745651660646
8.29,3.2870713483075145,2.285795967547424,-1.3640518954850827,48.00987696383676,17.491081049564116,93.26396009904444
8.3,3.200602206179517,2.311488123224268,-1.5082785751752963,37.42825545203498,20.089844222059604,91.28976350619753
8.31,3.0998985542719346,2.3156360464736894,-1.6516823003793335,26.54441172219542,22.87664043176232,89.70116731454928
8.32,2.976035195202824,2.287530602378254,-1.7953979598731624,15.427604958268583,25.829851043255765,88.47552794030896
8.33,2.824270008297607,2.221438287518043,-1.9398917423995325,4.155956046209299,28.92207465146427,87.58447397752157
8.34,2.642921466228,2.1152794374373034,-2.085160308602039,-7.18953181075298,32.12294174178452,86.99636242358604
8.35,2.4324884332168266,1.9695897898637849,-2.2308844022183307,-18.52926087169535,35.401187143892855,86.67812653761766
8.36,2.1949658355573556,1.7867113862682555,-2.376545955680621,-29.788006408717294,38.726137963878216,86.59663952091964
8.37,1.9333180340669953,1.5701683502064836,-2.5215160962431584,-40.8968637544738,42.06874484114534,86.71969535774929
8.38,1.6510785796171155,1.3241910319322727,-2.665120092639223,-51.79441568623585,45.402259785808205,87.01668923948517
8.39,1.3520507217554487,1.0533586143831277,-2.806684152585184,-62.427312711386364,48.702643631932695,87.45906436880925
8.4,1.040087756044091,0.7623357544910057,-2.94556804910579,-72.75041935131725,51.94876955609364,88.02057905811151
8.41,0.7189361975537526,0.45568337006664633,-3.0811867858071462,-82.72664734952913,55.122475542518,88.67743744047966
8.42,0.39212799016896743,0.1377274312921149,-3.21302388029905,-92.36909014770234,58.40777520299021,89.27337700618577
8.43,0.06291061677148896,-0.1875272924831225,-3.34063832784376,-101.68202876556151,61.916731639761316,89.70516774265982
8.44,-0.26579384128298317,-0.5164490358671564,-3.4636668846136365,-110.66430020137736,65.70795469376249,89.90986353504859
8.45,-0.5914078562102432,-0.8458048072502162,-3.5818229654668743,-119.31179019143113,69.80117500328734,89.85465359347472
8.46,-0.911701513369449,-1.1727668321996596,-3.6948931713520556,-127.61923801181888,74.18863953904616,89.52883290848673
8.47,-1.232905534424525,-1.4986668739307087,-3.8032108971300698,-135.58150509147265,78.84394180385286,88.93749413398743
8.48,-1.5585275473128966,-1.8238062183259707,-3.906992141382684,-143.19442967129126,83.72879046794434,88.09661288918073
8.49,-1.8900915726386962,-2.147784351820458,-4.006373835482657,-150.45536551503415,88.79812928999819,87.02925646504032
8.5,-2.2277156783086984,-2.4697500876046616,-4.101442651051307,-157.3634828518408,94.00394574448545,85.7626941802643
8.51,-2.5705591444377096,-2.788590827901592,-4.192256289022679,-163.919893553607,99.298043306749,84.32622772925157
8.52,-2.917164868844385,-3.1030727604513166,-4.278858873790421,-170.12764939246046,104.63400070747096,82.74959312623463
8.53,-3.2657180830624815,-3.411942397427142,-4.361291763270026,-175.99165155782498,109.96849886613803,81.06181339236355
8.54,-3.6142385847990486,-3.7139978922296413,-4.439600828890935,-181.51850100013766,115.26216114320033,79.29040389651949
8.55,-3.9607204947306,-4.008136944564688,-4.513841049089805,-186.71631224374374,120.48002374911222,77.46085103672098
8.56,-4.3032309036810075,-4.293386768653111,-4.5840790878956605,-191.59450777102276,125.59172955564175,75.5963004016148
8.57,-4.639976598301099,-4.568920504485302,-4.650394390062006,-195.89160368488118,130.63160717957862,73.57097745525897
8.58,-4.969346261875797,-4.834063556792725,-4.712879210382505,-199.44900256125322,135.6158969684853,71.31148697883663
8.59,-5.28993407679993,-5.088292616606884,-4.771637902713632,-202.18529232883765,140.54813228524392,68.78313486313624
8.6,-5.600549452090713,-5.331229527284894,-4.826785719977662,-204.07587097624656,145.42328365043866,65.97916960175208
8.61,-5.900216617415235,-5.562631676799038,-4.878447316835832,-205.1369036911566,150.2309127518226,62.91238745985846
8.62,-6.1881670263472115,-5.782380210990297,-4.926755099149226,-205.4127921086715,154.95753818236787,59.60864365711925
8.63,-6.448087959760646,-5.9703201474883,-4.969031950410076,-204.9664796798963,159.58837738878813,56.10189374174939
8.64,-6.6697479037254155,-6.113948928206554,-5.003660981301451,-203.87203737119077,164.1085984217613,52.43045731810625
8.65,-6.847503640557681,-6.206514286002031,-5.029819984756026,-202.2090738566341,168.50418960192286,48.63425267505744
8.66,-6.979113985012376,-6.245506069149041,-5.047271000961423,-200.05859734960995,172.76253424872533,44.75279754414902
8.67,-7.064803276442611,-6.231468505806193,-5.056194702745047,-197.50002499764167,176.87276040447207,40.823809792146825
8.68,-7.106527613038283,-6.16707220816982,-5.057061105722707,-194.60909266506758,180.8259213878301,36.88227366459138
8.69,-7.107405054074583,-6.0563959036528825,-5.05052960350178,-191.4564649092586,184.61505149784628,32.959863373611846
8.7,-7.071277881959051,-5.9043767796743944,-5.03737257386336,-188.10688366428755,188.23513181592014,29.084637311096124
8.71,-7.002380728580832,-5.716395727712588,-5.018417837533497,-184.61872596412599,191.6829934475687,25.2809337611338
8.72,-6.905093116360109,-5.497969914260877,-4.994506110903944,-181.0438671258962,194.95717939799124,21.569413348171185
8.73,-6.783758900564226,-5.254530196103383,-4.966460306544221,-177.42776714500584,198.05778132699226,17.96720514561464
8.74,-6.642558358246203,-4.991265107417136,-4.935064124699968,-173.4025670127522,201.03821655069527,14.333562303370421
8.75,-6.4854213619743835,-4.713016621762759,-4.901047865509388,-168.74727017342673,203.93361274824713,10.582643093573722
8.76,-6.315972297049935,-4.424215755058705,-4.865079792465083,-163.34999304458188,206.76550167028293,6.6693054979400195
8.77,-6.137499207874384,-4.128848428613226,-4.827761707043203,-157.1782058893403,209.5455057027541,2.577930043446762
8.78,-5.9529411586126235,-3.830443940179231,-4.78962766444697,-150.25545032486414,212.27821066972177,-1.6863060646273982
8.79,-5.764889020709409,-3.532079967845445,-4.751144981151256,-142.64328657625936,214.96338378237166,-6.10417831085779
8.8,-5.566536225792801,-3.231848779585623,-4.697401042565372,-134.42744570018763,217.5976669960144,-10.647577562282834
8.81,-5.35415291897537,-2.9291389649576374,-4.61916628765487,-125.70734662265544,220.17585227400164,-15.283405330676882
8.82,-5.126258073581817,-2.624238660315155,-4.511462773605759,-116.58829104508828,222.6918255787085,-19.976462325799492
8.83,-4.882971135988004,-2.3180305255297964,-4.372432261804562,-107.1757761982817,225.13925014295165,-24.69154257785452
8.84,-4.625508674695729,-2.0117601323474483,-4.2024475034581625,-97.57147038093278,227.51204615536793,-29.394905384606336
8.85,-4.355797656460408,-1.7068627760547426,-4.0034202795163685,-87.87048283839779,229.80471294570384,-34.05526434004536
8.86,-4.0761820829775335,-1.4048364973314353,-3.7782679773479786,-78.1596308688287,232.0125306823158,-38.64440555454691
8.87,-3.789203962783204,-1.1071513948598568,-3.530507331114421,-68.51646564923813,234.13167116049985,-43.13752489714389
8.88,-3.4974431065721996,-0.8151872012044068,-3.2639496377552213,-59.00886630157019,236.15924118688446,-47.51335585400349
8.89,-3.203403139572818,-0.5301926516566668,-2.9824764745758108,-49.69505096838776,238.09327711808436,-51.75414471279113
8.9,-2.90943352244453,-0.2532614543888842,-2.689878846488273,-40.15090710460018,239.3199316796498,-55.935546981256905
8.91,-2.6176793468399975,0.01467928249310213,-2.389745914705325,-30.12085027382267,239.45597463805376,-60.10263090525411
8.92,-2.330052294202473,0.2728714560816804,-2.085392116549318,-19.474127898759487,238.29126818511526,-64.27806509412258
8.93,-2.048217476021016,0.5207217986455137,-1.7798136724498024,-8.170437694912412,235.7432027999288,-68.46852179979109
8.94,-1.773591960461439,0.7577931600051726,-1.4756672704188731,3.7669131133939455,231.82085445168207,-72.6696409252602
8.95,-1.504215228458803,0.9837558989762581,-1.1667198000359644,16.27176776434366,226.59701538835736,-76.86983808453014
8.96,-1.239074478166382,1.198425171862147,-0.8496052732148899,29.25099792103837,220.1865769690425,-81.05318874966967
8.97,-0.9778270496608177,1.401743138024258,-0.5230390334222488,42.596481491995206,212.7300145070543,-85.20157799709537
8.98,-0.7205863452770374,1.5937616948116688,-0.1872044141232962,56.19398227396545,204.3809497286984,-89.29627016890329
8.99,-0.46775859504352657,1.774626094646625,0.15672158791044385,69.92958445222533,195.29695366495383,-93.31902368859093
9.0,-0.21992012641868025,1.9445596747048084,0.5069310697203155,83.69421193820668,185.63290785482084,-97.25285229851497
9.01,0.02227328991104921,2.103849835584441,0.8612588814006474,97.38666105488856,175.53636993132235,-101.08251426631837
9.02,0.2581518656423603,2.2528353340555207,1.2173855356731667,110.91549159482902,165.1444954267717,-104.79479492395504
9.03,0.48707753540299037,2.391894901849739,1.572984303382115,124.20005275137919,154.58215470615158,-108.3786346562418
9.04,0.708474482472057,2.5214371637543365,1.9258246115514464,137.17086432648728,143.96095545044489,-111.82514364407237
9.05,0.9218480385231593,2.6418918009601144,2.2738415368821734,149.76952782656898,133.37893969403586,-115.12753587072166
9.06,1.1267948242797123,2.753701887206552,2.6151792762601676,162.05241608727096,123.18942461771681,-117.79305853303075
9.07,1.3230064082355735,2.8573173137582986,2.948214907582764,174.04687295553163,113.63214126274963,-119.5137651393388
9.08,1.5102682803302985,2.953189213018686,3.271567470820046,185.7601835353848,104.85919106006803,-120.12059240836861
9.09,1.6884555476695857,3.0417652883382855,3.584096351996189,197.18643122223813,96.95590293870066,-119.54695794299712
9.1,1.857526444188074,3.123485958273003,3.8848921009753745,208.31167019691964,89.95750843182971,-117.80010008386691
9.11,2.016286449380139,3.201774372848636,4.15470118995051,219.11776283582998,83.86239650599703,-114.93869172816979
9.12,2.1640682958054676,3.278918347811615,4.381429746642847,229.5851660175892,78.64257948672383,-111.0555186630483
9.13,2.300608047750029,3.3563490442899506,4.5583841088686325,239.69489629345168,74.25189244574591,-106.26422839174921
9.14,2.425945268449602,3.434861676535775,4.682873166836873,249.42985942657003,70.63235736963334,-100.68933451275075
9.15,2.5403430216865366,3.514789141559538,4.755105313081528,258.7756932895391,67.71906748737555,-94.45881034153416
9.16,2.644224161773893,3.5961375524246106,4.777324490084672,267.72124319560186,65.44388387936482,-87.69872860819729
9.17,2.7381209609354658,3.678691064524279,4.753139561943299,276.25876430020395,63.73818388182988,-80.52950590360643
9.18,2.8226356224407225,3.762092059812911,4.6870093482405935,284.3839258042153,62.534857117609675,-73.06339460029933
9.19,2.8984096464622433,3.8459016542766444,4.583852406814611,292.0956755310878,61.76970877472185,-65.40293419877499
9.2,2.966100366124668,3.9296445823040123,4.448756257762598,299.39601038084913,61.38239979567352,-57.64013092800504
9.21,3.0263632643146945,4.012841757232592,4.286765389581003,306.28968763700755,61.31702890361804,-49.85618104371497
9.22,3.079838926587674,4.095033184273388,4.102731236338797,312.4967259598098,61.31592733687534,-41.923075745310165
9.23,3.1271436896103806,4.175793388453478,3.9012104939544034,317.84694062010703,61.20371773441731,-33.776962505066
9.24,3.1688632145101296,4.254741097864746,3.686400764778471,322.2526881487912,60.86790429850089,-25.40012818030895
9.25,3.205548355740975,4.331544576005273,3.4621046758517457,325.68723186512557,60.243387496208356,-16.806981150427735
9.26,3.237712813258434,4.4059237134798614,3.2317153855305176,328.1676836024355,59.3001807085393,-8.033252080799194
9.27,3.269402443837741,4.472929008012384,3.003360677090582,329.7416584596115,58.03373115453437,0.8722267001229094
9.28,3.303286164346016,4.529430654855734,2.782844112193364,330.4769308417807,56.45735169853798,9.853686713649079
9.29,3.3409914841318447,4.573672903177998,2.574147524934227,330.45350622360456,54.59635708619453,18.85296070329238
9.3,3.383370854762949,4.604919897478778,2.3798381539341307,329.7576280356195,52.48357053197281,27.812739000226166
9.31,3.4307117418614017,4.623176032597009,2.2013971582952037,328.47732626493047,50.15592674649456,36.678826117214385
9.32,3.4829010721049185,4.628966797198028,2.039483472216125,326.6991866657703,47.65194742627614,45.40162452831924
9.33,3.539552831374402,4.62316853893611,1.894144609966249,324.50607932705964,45.00990660059416,53.937027986903345
9.34,3.6001060274028767,4.606877632824266,1.7649840678979105,321.9756347919794,42.266537445205934,62.246870170506256
9.35,3.6638989313772585,4.5813112386052195,1.6512933240324492,319.17929669171366,39.45616041263821,70.29904455034293
9.36,3.73022443497397,4.547733248709305,1.5521550583400239,316.1818133896032,36.61013578716284,78.06738702080737
9.37,3.7983704662198168,4.507400202586504,1.4665230656949517,313.0410586480866,33.75656288357413,85.53139303368258
9.38,3.8676486690086813,4.46152291530412,1.3932833727134317,309.4081231310798,31.1140993190528,92.37846168665536
9.39,3.9374139415414744,4.411240371551369,1.3313002689066742,305.0775088118267,28.825318571720015,98.41231064334181
9.4,4.007076926935409,4.357603098544072,1.2794502961580916,299.9499846840605,26.97500669971002,103.52460424550355
9.41,4.076111136754674,4.3015637762658905,1.236646686802604,294.00333063990126,25.604737168950468,107.6723791990422
9.42,4.144056050138608,4.243973290733687,1.2018562812808073,287.26947249029047,24.72441044201252,110.86019649114601
9.43,4.2094380185578855,4.175874811832042,1.1747981463745474,279.81677527745956,24.32132621363206,113.12613360202022
9.44,4.271252240011032,4.091852483317672,1.1550046806922956,271.73648190392606,24.367257031767135,114.53088584921665
9.45,4.328858146383392,3.989126438644776,1.1418891331900283,263.13246683155046,24.823909384910202,115.14937473405172
9.46,4.381894921585272,3.8668386965144266,1.134797101015094,254.11362621827223,25.647089521947183,115.06436857691344
9.47,4.430213589428751,3.725493861420106,1.1330452140825595,244.78835144043202,26.789834067849107,114.36171001642214
9.48,4.473822706284112,3.566524902544561,1.1359496301120882,235.26063677241072,28.204718024225606,113.12681904570488
9.49,4.51284519371364,3.3919595701060423,1.1428464799955738,225.6274576602331,29.845513411712016,111.44220164452389
9.5,4.547484265498198,3.2041674029242446,1.1531060029932683,215.97712655481723,31.6683392853982,109.38574482446086
9.51,4.577996754448806,3.005670929020046,1.1661417806183672,206.38839120151786,33.63241701115476,107.02962079060953
9.52,4.604672437884947,2.7990076842000056,1.1814162056044606,196.93008774381815,35.700522585118996,104.43965741227525
9.53,4.62781820576456,2.5866321742973613,1.1984430983435281,187.66119977345485,37.839209617526414,101.6750605256469
9.54,4.647746119864864,2.370848971270162,1.2167881994823357,178.4717919724879,40.28108827672195,98.7961897672125
9.55,4.6647645826441275,2.1537698341679743,1.236068117137891,169.3027491651767,43.16419214335754,95.85401437770167
9.56,4.679171975956779,1.937289143929769,1.255948184714705,160.13150203056,46.556402974724755,92.89114632360554
9.57,4.6912522472852825,1.7230730871205808,1.2761395857907123,150.96093819607066,50.47469514327585,89.94280828301282
9.58,4.701272018502312,1.51255896083646,1.2963960219853923,141.81087404342975,54.900182180582156,87.03773083468904
9.59,4.709478872681231,1.306961734918574,1.3165101347961592,132.71157537357922,59.78977456941526,84.19897634764786
9.6,4.706771406140054,1.1097597903696208,1.3330665805418571,123.69890864701041,65.08511368764279,81.4446894349957
9.61,4.687526652198041,0.9233077960145174,1.3438978774784422,114.81078198857271,70.71932692870946,78.78877557050524
9.62,4.64872583645142,0.7490854481365397,1.3477768297829784,106.08459917167023,76.62204955044342,76.2415107000924
9.63,4.589262698265333,0.5878988130453453,1.3441724696084607,97.5555026036872,82.72307640526387,73.81008551994836
9.64,4.509400102550129,0.4400425815573298,1.333057678328309,89.25522479404658,88.9549385759776,71.49908862536175
9.65,4.4103466690823785,0.30543016441905924,1.3147587109946468,81.21140346903387,95.25464372329232,69.31093302960669
9.66,4.293930148735888,0.18369739832490078,1.2898385682390936,73.44724472001457,101.56477266164205,67.24623066739893
9.67,4.162348437958693,0.07428465911331464,1.2590075922856387,65.9814424364721,107.83408665471771,65.30411947786286
9.68,4.017982580465498,-0.023498637082131082,1.223055854792751,58.82828170460936,114.01776876550551,63.482547544026616
9.69,3.8632589728957334,-0.11042384712929929,1.1828028930069436,51.997869616540605,120.07739713834883,61.77851857836502
9.7,3.700550365555219,-0.18730450245571317,1.1390611701543576,45.271478960390425,125.70681134233304,60.22166218643407
9.71,3.532107211485347,-0.25496704999139364,1.0926103138773526,38.51124740311325,130.70839862298004,58.828544802756355
9.72,3.360012535247276,-0.31422908176926556,1.0441797461933966,31.63947563054395,134.96698208624056,57.605949916088434
9.73,3.186154824318381,-0.3658835340826634,0.9944377795451231,24.622325345319915,138.42901061074807,56.55348267603178
9.74,3.012214539008948,-0.41068761287791267,0.943985632510045,17.45707963644166,141.08607432443097,55.66562399142995
9.75,2.8335740871473156,-0.456313208346798,0.8962746685405677,10.162276481558482,142.9619380241719,54.93333757751333
9.76,2.6476909101419417,-0.5077754755156734,0.8535924317786862,2.770149461335821,144.10242565906796,54.34531533034216
9.77,2.4535359562999917,-0.5680828697155362,0.817338683706625,-4.679087810503795,144.5676063703926,53.8889313337591
9.78,2.251154478187099,-0.6387529690511731,0.7882457391394215,-12.141492106784114,144.42583032819277,53.550962254251814
9.79,2.041325551276087,-0.7202191322679334,0.7665533231728142,-19.57248411938906,143.7492438858783,53.31812144633026
9.8,1.8253009249568943,-0.8121486688991248,0.7521464094290528,-26.929035284928872,142.610481056075,53.177445432318564
9.81,1.6046073180850833,-0.913689554370872,0.7446630288012478,-34.17115019369105,141.0802842405118,53.116564246797154
9.82,1.3808991754780116,-1.0236596890956686,0.7435778106808327,-41.26280747303685,139.22585341632794,53.12388120386722
9.83,1.1558513067082115,-1.1406901789781891,0.7482659963260485,-48.17248970060831,137.10976118346994,53.18868275009642
9.84,0.931082816322028,-1.263332022108182,0.7580518136335507,-54.87340643312942,134.78930255171386,53.301195035221
9.85,0.7081053742908339,-1.3901338527243368,0.7722443963038762,-61.34349283098088,132.3161742159048,53.45260052177753
9.86,0.4882902251036958,-1.5196969598668075,0.790163844803103,-67.53018039997411,129.78014928181784,53.623951025648786
9.87,0.272849442132426,-1.6507126149224136,0.8111595418717185,-73.39834627518573,127.24902447870507,53.80136106238748
9.88,0.06282784157380925,-1.7819857678453235,0.8346224349987696,-78.9266860986455,124.77295136917417,53.97492156768652
9.89,-0.14089728840227678,-1.912448371229827,0.8599926682903707,-84.1047319768599,122.38799815991491,54.13782066679793
9.9,-0.3376108840860108,-2.041164935283545,0.8867636747767667,-88.93040956109627,120.11907053510288,54.285634880812445
9.91,-0.5264278679505946,-2.1668083512221754,0.9093411097560088,-93.40804487336243,117.98229938231457,54.41576030346492
9.92,-0.7067258315672489,-2.2883762118769244,0.9241132953089752,-97.54674557033755,115.9869859187512,54.526958435025605
9.93,-0.8781017171054393,-2.405134667046024,0.928967219278569,-101.35909326741304,114.13718006980461,54.61899567562174
9.94,-1.040334159323593,-2.5165707047105457,0.9229040235807674,-104.86009365283101,112.43295559082011,54.692359090886676
9.95,-1.1933508828954666,-2.622351696012957,0.9057354884998686,-108.0663396788143,110.87143500606183,54.74803407975451
9.96,-1.3372005961213425,-2.722291192380076,0.8778462363777151,-110.99535035414029,109.44760866852663,54.78733209188591
9.97,-1.4720288682617342,-2.816320095240824,0.8400090611406383,-113.66505377851556,108.15498486723119,54.81175864038572
9.98,-1.598057522926205,-2.9044624345647305,0.7932430248989841,-116.09338822204928,106.9861017098645,54.82291360151636
9.99,-1.7155671234504704,-2.9868150938245215,0.7387058215632818,-118.29799940697279,105.9329263056614,54.82241724386963
10.0,-1.8248821675195113,-3.06353090765554,0.6776134509200866,-120.29601581615682,104.98716241107142,54.811856632870786
10.01,-1.9263586471331218,-3.1348046359513893,0.6111815262080638,-122.10388693843299,104.14048404786271,54.792748052944845
10.02,-2.020373666186488,-3.200861385737427,0.5405835971441824,-123.63411766024447,103.46995369677607,54.47557440146311
10.03,-2.1073168413775014,-3.2619471110900755,0.4669227449349373,-124.83703422014291,103.02093796909764,53.67980880151946
10.04,-2.1875832428568613,-3.318320872674167,0.39121342664133424,-125.69107391270916,102.81518772749116,52.3066310767219
10.05,-2.2615676590657134,-3.370248583086112,0.31437113902914354,-126.19511416651737,102.85722339274119,50.31733209419767
10.06,-2.3296599956584627,-3.417998002942988,0.23720795827664715,-126.36245753117656,103.13934414202159,47.71633906894116
10.07,-2.3896712527414032,-3.4632972550260694,0.15578344875687233,-126.21615627760958,103.64552385262272,44.5379816820236
10.08,-2.4403649958000653,-3.5073208521340233,0.06779996266190544,-125.78541628820139,104.35441010862847,40.83627449194279
10.09,-2.48121426102002,-3.550824455794755,-0.02782807076482613,-125.10286648841279,105.24160386919094,36.677120616715186
10.1,-2.512209245000647,-3.5942516756884393,-0.1313126489740623,-124.20251876703524,106.28136523221704,32.132449256395674
10.11,-2.533706269298337,-3.637818158969923,-0.24225608947005986,-123.1182754284668,107.44786405115377,27.27588887124044
10.12,-2.546310170597795,-3.681577297624166,-0.35985479165351275,-121.88286779560845,108.71607207772638,22.17965172843583
10.13,-2.5507836516090117,-3.7254711148816098,-0.48305475266334785,-120.52713154397242,110.06237505460523,16.912366604263113
10.14,-2.547978280290692,-3.7693692537530232,-0.6106685689125764,-119.07954245981935,111.46496813384559,11.537646801415157
10.15,-2.538782783073313,-3.8130984609929284,-0.7414618691866415,-117.5659512191003,112.90408561588453,6.113222096371172
10.16,-2.5240850729112694,-3.8564645206354147,-0.8742156470882512,-116.00946801817535,114.36210584194528,0.6904972662517119
10.17,-2.5047451117934316,-3.8992682278195328,-1.007769739570572,-114.5165907236011,115.95351493399079,-4.849703145712495
10.18,-2.4815762521501283,-3.9413166934429267,-1.1410516916759446,-113.15884729550206,117.74616987578978,-10.571348902137295
10.19,-2.4553331512290284,-3.9824310227528716,-1.273094419587396,-111.9810011883477,119.77338098335065,-16.498323177324792
10.2,-2.4267047227898635,-4.02245120748648,-1.4030454046626089,-111.00761093715639,122.04342558408852,-22.62622700076259
10.21,-2.3963108946713536,-4.061238904209718,-1.5301695950715184,-110.24824478202831,124.5469809081846,-28.931511152195426
10.22,-2.3647021900565957,-4.0986786348788975,-1.6538477379128316,-109.70159948545584,127.26287800781495,-35.3784626747583
10.23,-2.336077312928663,-4.135088400575142,-1.7599401831054973,-109.35872929732814,130.16250679457147,-41.924477705380674
10.24,-2.313176763558283,-4.170654380662773,-1.839522893394198,-109.20555497060285,133.21314268597845,-48.52397316351346
10.25,-2.2976352234524167,-4.205468092378639,-1.8876011161989035,-109.22479268426501,136.3804159086319,-55.131224319680705
10.26,-2.290261948652418,-4.239555173622544,-1.902088563173701,-109.39741772501324,139.63010355864967,-61.70236113731368
10.27,-2.2912624982603504,-4.272897445856936,-1.8830026419721748,-109.7037570012479,142.9293906729778,-68.19671165564492
10.28,-2.3004128138493085,-4.305449612768522,-1.8318348972159268,-110.12428722610252,146.24771864291193,-74.57764397139914
10.29,-2.3171947368106993,-4.33715170075326,-1.7510630001318506,-110.64020133221449,149.55731631693084,-80.81302825121215
10.3,-2.3409004435353387,-4.367938140870175,-1.643776607905729,-111.23379388286666,152.833490265082,-86.87541554912096
10.31,-2.370711940961768,-4.397744221529851,-1.5133943879205203,-111.88870651258149,156.05473521694987,-92.7420100796543
10.32,-2.405760653869391,-4.426510500842113,-1.3634536318618489,-112.59006642110916,159.20271305771772,-98.39449522549785
10.33,-2.445171213597741,-4.454185652209308,-1.1974573076942543,-113.324544369137,162.26213848508337,-103.81876028660963
10.34,-2.488092794677434,-4.480728122194773,-1.0187662295474256,-113.53710128459221,165.1919585009567,-109.01974003386582
10.35,-2.533720715102987,-4.506106902383737,-0.8305263640467013,-112.87791549575638,167.96451748168937,-114.00017650548536
10.36,-2.5813104957456585,-4.530301653926723,-0.6356232184963346,-111.15137897896507,170.56263047587694,-118.76165570674456
10.37,-2.6301861462801024,-4.553302372240329,-0.43665684038070307,-108.27568450846617,172.9772061951955,-123.30534869341776
10.38,-2.6797440935232175,-4.575108737872651,-0.23593225661717565,-104.25102210578136,175.2053245858025,-127.63252358242839
10.39,-2.729453880294072,-4.595729266099769,-0.0354612432617579,-99.13474945507606,177.2486894843642,-131.7448819115974
10.4,-2.777254125597665,-4.5820647882388394,0.16398944841291954,-93.0221895715376,179.1123900078785,-135.64476202752616
10.41,-2.8217525559685472,-4.513441319433575,0.3615604447716795,-86.03194923878922,180.8039153806771,-139.33524340962805
10.42,-2.8620714208198055,-4.378504454339982,0.5563709199233612,-78.29485138065546,182.33237718848008,-142.8201786989204
10.43,-2.8977235387554807,-4.172760580751901,0.7475689162717456,-69.94574018910586,183.7079008424674,-146.10417440833572
10.44,-2.9285134275400124,-3.8966436617040086,0.9343654788985143,-61.11755504377376,184.9411545687419,-149.19253661010794
10.45,-2.9544589167549318,-3.5540075511807925,1.1160563567143424,-51.93718270118802,186.04298970760956,-152.091194127953
10.46,-2.9757294338373113,-3.150961487931588,1.2920342764074848,-42.52269083355872,187.02417067998655,-154.80660874324425
10.47,-2.9925978156636144,-2.694981124132651,1.4617941840972328,-32.9816230600004,187.895176796546,-157.34567951897378
10.48,-3.0054030498167217,-2.1942396700815374,1.6249333510244106,-23.410098909927697,188.66606126875726,-159.71564644010428
10.49,-3.0145218096473854,-1.6571138768947726,1.781147834152792,-13.892514014244123,189.34635543106847,-161.92399707054642
10.5,-3.0203470299887516,-1.0918279767738,1.9302264539882739,-4.246766077439972,189.54319196975146,-163.45563461769487
10.51,-3.023272088372446,-0.506205641393949,2.072043186714706,5.624792854622196,189.01376960076794,-163.99157050815444
10.52,-3.0236794203415016,0.09249425562034042,2.2065486546264896,15.758596077726377,187.62767089816577,-163.35984462450747
10.53,-3.021932615818601,0.6976775738273596,2.3337612284364955,26.147990159895777,185.33704391065714,-161.4966639289409
10.54,-3.018371223926451,1.303466171125638,2.453758119572348,36.75724361646312,182.15317189988997,-158.41584516869685
10.55,-2.9958835643195503,1.8946377145501152,2.5502277121109436,47.53225086357255,178.12821389177768,-154.18498209472676
10.56,-2.9438633072924807,2.460467874871854,2.6130650191674705,58.40859821782253,173.3411140188164,-148.90703661045316
10.57,-2.8565756214220217,2.993755939869004,2.6368228971326673,69.31753621999806,167.8868567699628,-142.7062854568621
10.58,-2.731864498782902,3.490034709815099,2.619484977459792,80.19030120453806,161.86839409683918,-135.7177469894942
10.59,-2.5701371972133664,3.946932458567558,2.561500148930442,90.96114532791904,155.3906937756438,-128.07937268358555
10.6,-2.373572960222315,4.363660089740841,2.4650289304419983,101.56936527860505,148.5564606419524,-119.92642058358885
10.61,-2.145512524801577,4.740601108989884,2.3333608332823337,111.96056315814246,141.46316679266164,-111.38753751141276
10.62,-1.8899927065548088,5.078985803195015,2.1704691031539216,122.08732648316436,134.20109652235752,-102.58216726466425
10.63,-1.6113968140610595,5.380634177935751,1.9806752926571325,131.90947618156036,126.85216909778923,-93.61897646573892
10.64,-1.314197004290136,5.647754851507505,1.7684011442148724,141.3940003946459,119.48934954495942,-84.59505084594244
10.65,-1.0027691284735085,5.882789317713933,1.5379894297691323,150.51476663987205,112.17649616522259,-75.59566481448731
10.66,-0.6812642848557399,6.0882928391927,1.2935788386609774,159.11994576984307,104.57217729439175,-66.38500513592008
10.67,-0.3535243188140333,6.266844775997027,1.0390208480811625,167.11317126082636,96.47503648492545,-56.832163099605026
10.68,-0.023030999144773523,6.420982439502477,0.7778288514972369,174.4405681849439,87.78717131876262,-46.882801139445874
10.69,0.30711935814298574,6.553153630785003,0.5131517436124114,181.08034304861135,78.4853459982832,-36.53698764433659
10.7,0.6342223749711193,6.665683910326388,0.24776573622298642,187.03447386387313,68.5985430823383,-25.83201012336826
10.71,0.9516717989812029,6.749571498876665,-0.0022192791815426327,192.32211785022324,58.1906245390961,-14.829189283002044
10.72,1.2548367416166883,6.799852805284495,-0.2261844432796254,196.97441952433385,47.34709255102825,-3.6038930454709472
10.73,1.5406365366133368,6.814548425518269,-0.4176965584489024,201.03045661748178,36.16512343915427,7.761904073011986
10.74,1.8071953342141636,6.793832683587273,-0.5734663047221767,204.5341069529403,24.74619975024235,19.185049581117664
10.75,2.0535626005880387,6.739384405360141,-0.6925216618273591,207.53165754578072,13.190791089615207,30.585062786256852
10.76,2.279487971118833,6.653884062222975,-0.7755564935364536,210.07000896224167,1.5946379898198195,41.88675622730068
10.77,2.485240823296164,6.540628621864427,-0.8244212139135274,212.19535441459612,-9.953721397922887,53.02191123667463
10.78,2.6714665458515503,6.403240598925977,-0.8417282638822178,213.9522350309058,-21.374471675973542,63.93023423529534
10.79,2.839072833050693,6.24545207809849,-0.8305499655828049,215.38289095316648,-32.59731981453696,74.55977460521815
10.8,2.9891404669712744,6.070948029154141,-0.7941903472463703,216.5268429939785,-43.561758957578796,84.86694761110405
10.81,3.1228540003298035,5.88325616752139,-0.736015874385437,217.42065203629693,-54.21694282997922,94.81627541072972
10.82,3.241448546916846,5.685673036428242,-0.6593327949359337,218.04244253671965,-64.02527016555777,104.07525674404724
10.83,3.3461695504678497,5.4812179823325655,-0.5673011000432145,218.38803345234498,-72.64382159356174,112.43272112029304
10.84,3.4382429565775423,5.272608335693734,-0.46287699712427205,218.46581677972497,-79.87715800143343,119.76961469248943
10.85,3.51885367359864,5.062250453992517,-0.3487773538031769,218.29276993767095,-85.63974380016454,126.03570346572144
10.86,3.5891305921715917,4.852242383457385,-0.2274608558752899,217.89138231138185,-89.92621809243573,131.2311072769972
10.87,3.650136751626398,4.644384792215775,-0.10112167624507597,217.28731551023796,-92.78804414205428,135.39176512914003
10.88,3.7038335738992587,4.435376708030371,0.03204867242474442,216.50764949647638,-94.3153241653769,138.57808880187096
10.89,3.7517442549273743,4.223464391548731,0.17270811023015897,215.57959379302417,-94.62278041389878,140.86619210128114
10.9,3.7950442646967137,4.008011656890213,0.32070086997221325,214.52956538277323,-93.83908163578387,142.34119178597
10.91,3.834634620713353,3.7891652426827265,0.4753184477610839,213.38255343191835,-92.0988420692829,143.09216662163828
10.92,3.871201008584962,3.5675967089138836,0.6354995537353878,212.16170624875826,-89.53674300469072,143.20843611703233
10.93,3.905261301504411,3.3443056654271808,0.7999812950269447,210.88808846618426,-86.28332875957328,142.77688277115732
10.94,3.937203593809948,3.1204719021319893,0.9674115857528307,209.58056676398422,-82.46211310178562,141.8800932109909
10.95,3.967316498937548,2.89734628140721,1.1364309262331163,208.25579090602773,-78.18770163505977,140.59513618522044
10.96,3.9958131575538642,2.676172147549988,1.3057301625121513,206.9282437756973,-73.56469287764469,138.99283048694906
10.97,4.022850147809862,2.4581305718819864,1.4740895743738427,205.6103397169827,-68.68716776882157,137.13738475392614
10.98,4.048542278337284,2.2443040402603063,1.6404036006681908,204.0294105061958,-63.41302990627253,134.91281868780322
10.99,4.072974068948999,2.0356542484107067,1.803694657375151,202.01717935003842,-57.674428806500465,132.26164004455842
11.0,4.096208578206232,1.8330105384245914,1.9631188049543717,199.48337658806724,-51.45707555637877,129.16884260473947
11.01,4.118294116200863,1.6370662193768453,2.117965450809937,196.39488871355934,-44.78411234996094,125.64938980133913
11.02,4.139269280962768,1.448380593476627,2.2676528080896303,192.75939859281215,-37.70365277085103,121.73851274435492
11.03,4.150100315012663,1.274556590478616,2.397482474647123,188.61265771543128,-30.279267793569602,117.4842709677028
11.04,4.145150032854882,1.120388493986337,2.498207355937766,184.0086836955926,-22.582823800924487,112.94192362322363
11.05,4.121329732563084,0.9885446192915384,2.5646864890040715,179.01230298801534,-14.689187807825316,108.1697413338043
11.06,4.077427570267163,0.8801107928399617,2.594817485239496,173.6935640337278,-6.672405216844533,103.22595725321104
11.07,4.013580344168174,0.7950203178269006,2.588694892929196,168.1236333086179,1.396970103215664,98.16661238774898
11.08,3.9308614144472247,0.7323916703057756,2.547951781608572,162.37185895899972,9.45365222977918,93.04409686885418
11.09,3.8309623024940134,0.6907914630285823,2.475249357098307,156.50374635259686,17.438714398562347,87.90622726874724
11.1,3.715949521897854,0.6684371231356433,2.3738856680530436,150.57963903508292,25.300161876661036,82.79573160238611
11.11,3.5880815251038167,0.6633511560304158,2.2474996640769955,144.65393901256726,32.993119434252684,77.75003951479913
11.12,3.4496734135607423,0.6734767279612618,2.0998511823707458,138.77473344838597,40.4797386667756,72.80129628254738
11.13,3.3029993482705335,0.6967625236790869,1.9346610181522066,132.98372199977555,47.72890789679687,67.9765364725749
11.14,3.150224489919479,0.7312233637903937,1.7554981947401913,127.04586310880275,54.542811537335055,63.41670731726768
11.15,2.993359858861263,0.7749818491765541,1.5657039940175548,120.82160452595943,60.794323012205524,59.2137546280731
11.16,2.8342347902754366,0.8262952951127198,1.3683443226002645,114.24192013839935,66.41023275214752,55.422149271712186
11.17,2.674482715140083,0.8835713901952595,1.1661836453242125,107.28869099179644,71.3578385035908,52.068112871855526
11.18,2.515536862058147,0.9453753352293522,0.9616750759489293,99.97941007933761,75.63428520602938,49.156960929041745
11.19,2.3586331809880603,1.0104306599654045,0.7569623258319877,92.35537137841429,79.25814662239708,46.678910065482974
11.2,2.1981301596887124,1.0676894328139832,0.5612530643524524,84.47265407709757,82.26282864246636,44.61363631348139
11.21,2.030716567315654,1.1099735772780186,0.3807110866440648,76.3953378785483,84.69144744766386,42.933821423774084
11.22,1.8547980561664412,1.1330351977354427,0.21916655572560717,68.1904888572232,86.59289683125388,41.60788250656038
11.23,1.6700155744096021,1.134809461587268,0.078684601708373,59.9245410651946,88.01886985765327,40.60204560934169
11.24,1.4768703623907025,1.114824318052281,-0.03998195335614543,51.66076989427566,89.02164236265652,39.8818949640522
11.25,1.2764347847900417,1.0737375380056553,-0.1370343873160603,43.457611564971074,89.65246092955118,39.41350565791123
11.26,1.0701319757985226,1.012976735106545,-0.21334671683591028,35.36763111526307,89.96040709376521,39.164247602561524
11.27,0.8595703669143283,0.9344623405868719,-0.27024659364244996,27.436980645008088,89.99163361574108,39.103332224236304
11.28,0.6464217300327717,0.8403970914050752,-0.30934643692545105,19.705221797122213,89.78888854711755,39.202159709814055
11.29,0.4323334890072036,0.7331085712105563,-0.3324149198808639,12.205412748706987,89.39125919604678,39.434513445247646
11.3,0.21886780382569684,0.6149338145232738,-0.3412807072556855,4.8495376056332855,88.78916944975742,39.75278165153234
11.31,0.007461374356456663,0.4881370299367316,-0.33776181765073254,-2.4131851212800033,87.98616542496934,40.12075490139542
11.32,-0.200598903192326,0.3548531880484729,-0.3236152084160834,-9.606592700036273,86.99482414548459,40.51132124608078
11.33,-0.40418832113567416,0.21705161311139465,-0.30050219363799757,-16.735582999006347,85.83360006451979,40.904584176107704
11.34,-0.6023478848591916,0.07651486356447126,-0.2699661418092889,-23.79228132816585,84.52442389138517,41.286330623977314
11.35,-0.7930404558401727,-0.07128237673383703,-0.22993465304710106,-30.76073594206226,83.0909017891555,41.64678819517297
11.36,-0.9748497113365608,-0.22877107536110702,-0.17950557489338523,-37.620441876694954,81.55699087985607,41.97962088656267
11.37,-1.146853434521479,-0.39685576571039427,-0.11861980139434573,-44.348937339792364,79.9460500648922,42.281121013752035
11.38,-1.3085191988637725,-0.5753588275582306,-0.047805964833076746,-50.92367104260747,78.28018423082953,42.549562171541716
11.39,-1.4596187759064285,-0.7633649660384729,0.03201688772590685,-57.32330105737302,76.57981562834433,42.78468400677866
11.4,-1.600158169912716,-0.9594854702849482,0.11969005638487591,-63.528554669046365,74.86342914315873,42.98728457049689
11.41,-1.7303206701308682,-1.1620583004964833,0.21392874780832313,-69.52275313933986,73.14744879032602,43.15890018870101
11.42,-1.8504207245594484,-1.3692971214128333,0.3134060785854654,-75.29208437334606,71.44621144993286,43.301556277411926
11.43,-1.9608667890899598,-1.5793999728568766,0.4168137510474412,-80.82568938553972,69.77201095193321,43.417575436737636
11.44,-2.062131602167739,-1.790626261344617,0.5229044579873213,-86.11561454278123,68.13519138546683,43.50943158293633
11.45,-2.154728585678788,-2.0013491011954696,0.6305201059726243,-91.15667026593937,66.54427318343932,43.57964089456106
11.46,-2.239193284493918,-2.2100886706159177,0.7386091512566202,-96.00077851240609,65.3519977514581,43.372625385855365
11.47,-2.3160689358302844,-2.415531128795166,0.8462356889741065,-100.68172437520124,64.77987375478548,42.729484104556576
11.48,-2.3858954103103107,-2.6165367229813086,0.9525824012734844,-105.2200096384729,64.95076499147784,41.56376174139174
11.49,-2.4492008935587046,-2.812139965322311,1.0569490331231142,-109.6266350051293,65.91472039974339,39.84227145082101
11.5,-2.506495783999534,-3.0015441491091974,1.1587477088632154,-113.90602065770248,67.66930915657929,37.57002357790948
11.51,-2.5627485890757296,-3.188170689777954,1.2446170027269228,-118.058236929524,70.1755033426196,34.778478011410556
11.52,-2.621222728955008,-3.374066515263098,1.306122555474748,-122.08068545035447,73.36996684463962,31.5164762291911
11.53,-2.683894784910768,-3.5602712274984083,1.3385407568189123,-125.9693451284143,77.17445615621423,27.843324218431594
11.54,-2.7517861264100736,-3.747104325004484,1.339893687229783,-129.71967584726312,81.50291155112163,23.823593093666304
11.55,-2.825224124749304,-3.9343879375061337,1.3101884885656763,-133.32725504136323,86.26671155412286,19.523283565672862
11.56,-2.904046326619554,-4.121617759443213,1.2508224922635367,-136.78820773878294,91.37847618985076,15.00706609967733
11.57,-2.9877585988870203,-4.308092573556646,1.1641222378296363,-140.0994786951023,96.75473218075321,10.336362886450363
11.58,-3.075656290212052,-4.493010852186558,1.0529901803108181,-143.2589854464772,102.31769358932024,5.568082521864337
11.59,-3.1669158218444715,-4.675541348291289,0.9206375966728132,-146.26568311138203,107.99636225703016,0.7538551349792293
11.6,-3.2606627650153204,-4.854873286449278,0.77038611222325,-149.11956525988353,113.72711201837164,-4.060354047359182
11.61,-3.356021340301224,-5.030250690814967,0.6055235097410752,-151.82161988757787,119.45388758312669,-8.834349944114935
11.62,-3.452149346873987,-5.200994504013431,0.4292021655785895,-154.3321244052454,125.39335630523155,-13.836850884566797
11.63,-3.548261764462215,-5.366515426265141,0.24437067104432547,-156.62779512109046,131.66992870073378,-19.228288069966425
11.64,-3.64364564108736,-5.526319810800955,0.053731021492853526,-158.6977811887035,138.34020624188742,-25.088895616437
11.65,-3.737668362483641,-5.680010467393133,-0.14028474505522548,-160.5404678344029,145.41216258931286,-31.440817950424268
11.66,-3.8297809755269885,-5.8272838318034985,-0.3355233485578421,-162.16094106065668,152.86006742173547,-38.265372827028884
11.67,-3.9195178920321787,-5.967924639442002,-0.5301083904389567,-163.56899133787124,160.63598270849207,-45.51640696340971
11.68,-3.998657101569137,-6.104409993212853,-0.7188253347653865,-164.77755496673217,168.67851218044285,-53.13051380904727
11.69,-4.061991300946944,-6.238311340240001,-0.8980644068824338,-165.80150947413418,176.9193609902027,-61.03474384582153
11.7,-4.1065874257703605,-6.37053093279854,-1.0654645157938647,-166.65675415283036,185.2881599836805,-69.15232241561344
11.71,-4.131198601874947,-6.501487230919934,-1.2196256671049601,-167.35951913752214,193.71592415523457,-77.40679453008116
11.72,-4.1358001805445035,-6.631259078296147,-1.3598777394065553,-167.9258566244713,202.1374448036456,-85.72493715973526
11.73,-4.121226448996307,-6.759696727769686,-1.4860955296177205,-168.3712763222347,210.49285718739497,-94.03871438059406
11.74,-4.088888717917593,-6.886506334476028,-1.59855167789279,-168.71049424975647,218.72857803128335,-102.28649716892109
11.75,-4.040558911696,-7.011313325262128,-1.697800511472498,-168.95726981234046,226.79776833070073,-110.41372564109474
11.76,-3.978205634871228,-7.133709051627915,-1.7845870427265518,-169.12431088593456,234.66044508388484,-118.373155512742
11.77,-3.9038720534339224,-7.253284305869011,-1.8597763563477632,-169.22323059384792,242.2833396417331,-126.12480113894095
11.78,-3.8195868904655383,-7.369652597536001,-1.9242994553125696,-168.55982590997135,249.29627850052947,-133.6498139504835
11.79,-3.7273014584144963,-7.482465525575788,-1.9791123311139285,-166.70308687990607,255.46378622032415,-140.93060771665185
11.8,-3.628846990721573,-7.591422120282406,-2.025165603118791,-163.41917303546342,260.6523938586083,-147.9516745235708
11.81,-3.5259076403594256,-7.696273651439993,-2.0633825534646215,-158.6191673437763,264.8046157647461,-154.7000724021727
11.82,-3.4200054214661537,-7.796825090538546,-2.0946437835172476,-152.31802192214485,267.9183634348956,-161.16566702268054
11.83,-3.317742937901026,-7.859517708686015,-2.1047645000830686,-144.60256254344864,270.0307781360565,-167.34119276389126
11.84,-3.2235867549571586,-7.863374078993344,-2.0851306143236843,-135.6067962516951,271.2056418315051,-173.22218455066948
11.85,-3.1403647036205187,-7.796861552357463,-2.031288225194841,-125.49308034077794,271.5236741927922,-178.80682057527946
11.86,-3.069663926828926,-7.655407725686643,-1.9418286245033327,-114.43797176252927,271.07514690806664,-184.0957069132871
11.87,-3.0121477502942424,-7.439445857119509,-1.8175132406569723,-102.62179235628108,269.954349095555,-189.09162772618916
11.88,-2.967806360911099,-7.152889513710425,-1.6605926841189103,-90.22112440428549,268.2555227806002,-193.79927888924502
11.89,-2.9361536848062695,-6.801953516337476,-1.4742821770465995,-77.40359903695447,266.0699579398844,-198.22499822735222
11.9,-2.9163806939435517,-6.394253044582225,-1.2623624042424468,-64.32446208678027,263.4839949531136,-202.37650186307053
11.91,-2.9074735666415386,-5.9381250623209265,-1.028880433101238,-51.124502445008076,260.57773044614555,-206.26263329611646
11.92,-2.9083036257366435,-5.442126428582779,-0.7779300027850196,-37.929010440845005,257.4242621545671,-209.89312959178005
11.93,-2.9176947297699956,-4.914671509799899,-0.513494334123378,-24.847501283069967,254.08934100583787,-213.27840733232938
11.94,-2.934472756450447,-4.363779096745693,-0.23933779363351904,-11.695976132129061,250.3362862521545,-215.81577592438532
11.95,-2.957500959155381,-3.796904194346529,0.04106463150465087,1.6201347873027085,246.03183714657587,-217.13295755377942
11.96,-2.985704267246512,-3.2208349986136047,0.32456893252138763,15.131105762550034,241.11881925286454,-217.03041245740508
11.97,-3.018085014990407,-2.641639272986209,0.6083818660995675,28.822456692732402,235.59467534368306,-215.43566874916402
11.98,-3.0537321012802807,-2.0646475296576665,0.8900645937475822,42.64999542054363,229.49474094104855,-212.36740857014536
11.99,-3.084610635073306,-1.4920123092823996,1.1474598736689356,56.551257922093754,222.8793430162705,-207.90745535185235
12.0,-3.1054824562004346,-0.9261068797507788,1.3662649610078996,70.45407945965215,215.82396544937063,-202.17913455734742
12.01,-3.113227617238892,-0.3693372584795399,1.538128952764393,84.28289435866544,208.4118619523431,-195.33075290792272
12.02,-3.1063049060693437,0.17598982442685768,1.6591387246845695,97.96325008940153,200.72861083998055,-187.52316768065023
12.03,-3.084325612033222,0.7077556196232784,1.7286215842789932,111.4249289336441,192.85820012131347,-178.9206056528261
12.04,-3.04771922021102,1.224084837088319,1.748205218437695,124.60399443692134,184.8803091110974,-169.68404697338107
12.05,-2.9974734570201687,1.723376013961206,1.721085908271433,137.44401734945612,176.8685168374289,-159.96661796281967
12.06,-2.9349342249889507,2.204313220466372,1.651464646956584,149.89668454900286,168.88922022746956,-149.9105430434626
12.07,-2.861653555589475,2.665864203143982,1.544118006458151,161.921952593288,161.00108830079904,-139.6452934297022
12.08,-2.7792758610999337,3.1072689678627974,1.4040765906170187,173.48787346018588,153.25491399220277,-129.2866420110447
12.09,-2.689454551008396,3.5280219170512543,1.2363888830089764,184.57019235564667,145.69375410508383,-118.9363926785585
12.1,-2.593792555603421,3.927849939430902,1.0459524148703048,195.11440251622722,138.14470693081302,-108.34880154762094
12.11,-2.4938015197312535,4.306688275624603,0.8373975815405678,205.08651636799343,130.50616559718685,-97.3901165836056
12.12,-2.3908754357911355,4.664655523861927,0.6150122433107884,214.46887037009137,122.72882591606793,-86.00808349240093
12.13,-2.286275312639268,5.002028785470109,0.3826975574580204,223.25664766349308,114.80081204135237,-74.20811725254032
12.14,-2.1811221561809004,5.319219662401247,0.143947385856459,231.4550059193926,106.73612676780625,-62.03485035063948
12.15,-2.057403970155684,5.593662836404433,-0.0890413428202162,239.07671455534592,98.56577481154788,-49.55799924055775
12.16,-1.904093477452675,5.811542100703004,-0.3078901451356745,246.14021984718232,90.33102499407043,-36.861681983552565
12.17,-1.7153742428971868,5.965606611204789,-0.507166227650404,252.66806874976155,82.07837479298416,-24.03647878958609
12.18,-1.489239770962642,6.0534400017953605,-0.6836818474021951,258.6856327419468,73.85586150020471,-11.173658615346092
12.19,-1.2263952212753257,6.0760978147993425,-0.8359346972133037,264.22008198250086,65.71043099939828,1.638896418299936
12.2,-0.9294037501088006,6.037043440668388,-0.9636635206909908,269.2995677209374,57.68613025770335,14.319447464871269
12.21,-0.6020297839192014,5.941325054043155,-1.0674975928609363,273.95257743751284,49.82293496998269,26.79414122812998
12.22,-0.24874009444705836,5.794946269304981,-1.148682405501282,278.20743275037637,42.15606103201408,38.99798256327141
12.23,0.12566934504846827,5.604391749102347,-1.2088669870825623,282.09190486381294,34.7156390228897,50.87523236368507
12.24,0.5163468494738201,5.376276063725974,-1.2499408635171037,285.63292635857215,27.526655794568867,62.37938525905108
12.25,0.9185801084384269,5.1170899532714005,-1.2739108102438161,288.85638154581255,20.60908755852169,73.47284874350213
12.26,1.3279300939680818,4.83302298671313,-1.2828093282048707,291.6561206565997,14.213936814631499,84.02900653391949
12.27,1.7403176955840474,4.529845609283766,-1.2786282547792678,293.97376994840755,8.499398530430366,93.9655054708668
12.28,2.1520742608454606,4.21283686225553,-1.263272145250072,295.78641171232863,3.553367116142012,103.23439411323614
12.29,2.559964982032249,3.886746765227202,-1.2385270725975555,297.0968521001095,-0.5886366020950033,111.81413182340701
12.3,2.9611922396140806,3.555784569213257,-1.206041328410779,297.92599052568846,-3.929274659884913,119.70314271093875
12.31,3.3498660383620944,3.234109771228661,-1.1619509957619851,298.3068894963384,-6.498239410126736,126.9146424961231
12.32,3.721820819549917,2.9314373312684783,-1.1042523007695184,298.28021465470056,-8.343562737703637,133.47251152373843
12.33,4.074257905368936,2.6540501630860867,-1.032300298560616,297.89077384088824,-9.524912073252288,139.40802511780407
12.34,4.405452697623722,2.405612623334767,-0.9464159045056157,297.18493303412106,-10.10848274333021,144.7572843370752
12.35,4.714515740230538,2.187820844917533,-0.847580507250406,296.2087277256571,-10.163166460788009,149.55921691627688
12.36,5.00119850196463,2.0009196688789186,-0.7372010868207673,295.00652197379196,-9.757734098180256,153.85404056344234
12.37,5.265736211746655,1.8441108303790483,-0.616931826964961,293.620095246303,-8.958819240292632,157.682099510433
12.38,5.508721324562839,1.7158727914737237,-0.48854075649721573,292.08806013232856,-7.8295290147336,161.08300085878267
12.39,5.7310022468208155,1.6142090539851426,-0.35381206445505275,290.4455329164218,-6.428541728307913,164.0949903148348
12.4,5.933602835293712,1.5368388175838787,-0.21447647975751327,288.72399453424697,-4.809578048709949,166.75451777985955
12.41,6.117658929098678,1.4813413766048686,-0.0721635477998063,286.9512921439542,-3.0211548379486146,169.09595230165615
12.42,6.284368800903822,1.4452635941312615,0.07162917547619697,284.89060909674356,-0.9738635307219767,170.9113352779285
12.43,6.434954940039915,1.4261980860475787,0.21555401464014434,282.3996956796483,1.3770707723236744,172.08040879937514
12.44,6.570635021936711,1.4218383342286176,0.3584213523847906,279.4066072247132,4.0440049271790794,172.54809722457878
12.45,6.692600288488304,1.4300157789029928,0.4992006397982117,275.89057013463116,7.016430087575006,172.30672836347307
12.46,6.80199987375859,1.4487229752091553,0.6370162509879926,271.86700543125187,10.268374062978967,171.3821011769313
12.47,6.89992986834686,1.4761261041632832,0.771139759361618,267.37591034639235,13.764075487652246,169.82266362183952
12.48,6.974091819276496,1.512873803346118,0.9007671286541442,262.47294076675314,17.46227554566324,167.69119482881325
12.49,7.017123159435351,1.5589273119099647,1.0252997324038837,257.22265563296526,21.31940989354324,165.0584944029867
12.5,7.02534514190415,1.6137708558593045,1.1443122256144163,251.69348256995355,25.291931151341537,161.99867183832163
12.51,6.997772949677819,1.6765740937822367,1.2575244063421478,245.95404537235686,29.337949114763013,158.58570382631808
12.52,6.935338715183661,1.7463160811287148,1.3647766758121587,240.0705612466589,33.418340179197614,154.89098914244084
12.53,6.840286814568063,1.8218785006031715,1.4660087281619536,234.1050712443593,37.497448103106315,150.98168193014595
12.54,6.715707993091764,1.9021144874425802,1.5612411255271947,228.11431306067658,41.54347411758244,146.91962635748604
12.55,6.565184861506414,1.9858982035950141,1.6505594398313725,222.14908296052113,45.52863462547374,142.76075029388045
12.56,6.392526274190532,2.072159343957251,1.7341006685018239,216.25396440312494,49.429148585400824,138.55480410275746
12.57,6.201572222677747,2.1599059571164334,1.8120416567980173,210.46732612117017,53.22510352256322,134.34535392406315
12.58,5.996054291655326,2.24823830410908,1.8845892840635767,204.67652270554012,56.91671303209196,130.16674492753725
12.59,5.77949954524039,2.3363559377558882,1.951972194693563,198.81757966605792,60.501393623808084,126.04882183233912
12.6,5.5551680374900165,2.4235597421925243,2.0144338767404344,192.86201021489848,63.975007833783394,122.0170134899094
12.61,5.326016055120429,2.5092503105766464,2.072226911744767,186.80651431746037,67.33277186526196,118.09252962647015
12.62,5.094678771505961,2.5929237446227997,2.125608238511929,180.66500206328905,70.56990075263471,114.29263251041942
12.63,4.859185613166918,2.672713414271372,2.1707333770901487,174.46248328210405,73.68204996675917,110.63095485022212
12.64,4.618854970139912,2.7473798645158234,2.2052934493116916,168.23044827462658,76.66560081642723,107.11784209243079
12.65,4.373907473457599,2.81616706275733,2.228128154739239,162.00343330088268,79.51782752445924,103.76070277820239
12.66,4.125167722185019,2.8786868003326647,2.2389194080486505,155.81652139099046,82.23697611201796,100.56435498013981
12.67,3.873836901540075,2.934826203854313,2.2379505323397484,149.7035760680666,84.82227891371602,97.53136028680794
12.68,3.6213219272973345,2.9846741646772412,2.225918542333922,143.69604434156145,87.27392342029441,94.66233950146263
12.69,3.3691093980194355,3.028463209194617,2.203789251613152,137.82219722094143,89.59298999759336,91.95626631614765
12.7,3.118674825516995,3.06652393050617,2.172686769484215,132.1067021711247,91.7813696873122,89.41073682921389
12.71,2.8714194208729906,3.0992496017025712,2.1338104752153386,126.57044335218765,93.84167061277108,87.02221398960062
12.72,2.6286282018866785,3.1270690081381907,2.088373820467362,121.23052296851648,95.7771193719916,84.7862469537233
12.73,2.391444411213649,3.1504258837873453,2.037560357007777,116.10039127579934,97.59146210173049,82.69766599502766
12.74,2.1608562375231366,3.169763626218089,1.982493251850969,110.97862877441267,99.29167131141432,80.74145718392887
12.75,1.937692652130811,3.1855142052628773,1.924215265755589,105.73994396420267,100.8840014912088,78.90569521518549
12.76,1.7226258421540683,3.198090380038855,1.8636767586961713,100.31565714019189,102.3741680680761,77.18080108828795
12.77,1.5161782644915427,3.20788050424977,1.8017297686405542,94.67832766238108,103.76747929228091,75.55896270251655
12.78,1.3187327847349946,3.215245336310867,1.7391266054304189,88.82973703143756,105.06893171924351,74.03368603743016
12.79,1.1236365732434064,3.2108887897605527,1.6783615410351134,82.79157936987839,106.28327780916214,72.59945052622935
12.8,0.9267128560769211,3.189095374793505,1.6211452437670506,76.59832677996623,107.4150724197967,71.2514471371046
12.81,0.7256266632758577,3.146827965466188,1.5685829922426877,70.29183330875138,108.46870354752463,69.98538172707309
12.82,0.5193853502319961,3.0830142201509063,1.521317918904619,63.91732108708955,109.4484115209664,68.79732956728103
12.83,0.3079482467456601,2.9979862090795963,1.479645573715831,57.52045830954132,110.35829992242218,67.68362967854418
12.84,0.09192432667374811,2.8930440141804965,1.4436050308232162,51.1452933466952,111.20234076539035,66.64080986177142
12.85,-0.12765943358164886,2.7701192415873885,1.413050867032949,44.83285433165912,111.98437585860864,65.66553514419965
12.86,-0.3495332036490281,2.6315186928349372,1.387709593415451,38.62026063517379,112.70811581105814,64.75457385957381
12.87,-0.5723145503187093,2.4797320174361266,1.3672234970546515,32.54022307921661,113.37713775560013,63.90477679741409
12.88,-0.7946032340929565,2.317290135790512,1.3511843292523098,26.620834660667615,113.99488257270502,63.11306584243401
12.89,-1.0150482154252893,2.1466636770311465,1.3391588428131522,20.885573905553034,114.56465216469284,62.37642932091047
12.9,-1.2323930683546664,1.9701927055093948,1.3307078203709095,15.253449760330977,115.22031026565806,61.53168753342638
12.91,-1.4455047926219056,1.7900406827971562,1.3253999362573783,9.67677313781925,116.04656401524113,60.47581786423673
12.92,-1.653390024979741,1.6081669887148686,1.3228215462082773,4.132105511102607,117.09121652062473,59.1509373560489
12.93,-1.8552018396387924,1.4263134547911138,1.32258329385248,-1.3868010592968947,118.37486747054056,57.532415666313625
12.94,-2.0502396659524904,1.246001288496086,1.3243242533849218,-6.874460010702518,119.89854045191318,55.61953095946328
12.95,-2.249059793345661,1.0578182520187298,1.3285164127505025,-12.317820361997738,121.64963181755839,53.4281841758957
12.96,-2.458183269712003,0.856164627802984,1.3353624541941564,-17.699410867729753,123.60650612449996,50.985272844962076
12.97,-2.6811275213674586,0.6382617116159016,1.3448707538152023,-22.999670412481272,125.74200506032327,48.324396935296065
12.98,-2.91921964971506,0.4033717921052481,1.3569139581420433,-28.198637197441144,128.02608850407236,45.48262848963816
12.99,-3.172232800000246,0.15218933997182924,1.3712743067281719,-33.27713656819184,130.42778633054016,42.498125935522474
13.0,-3.438879693289959,-0.11362974318238081,1.387678304738739,-38.21758039441431,132.91660641630423,39.408414651043515
13.01,-3.7171913336595326,-0.39182803701541186,1.4058228798813597,-43.00446877269833,135.46351690955953,36.24918898783973
13.02,-4.0048038506435635,-0.67981797100761,1.4253947683506896,-47.62466667297876,138.04159823095608,33.05351868147194
13.03,-4.29917224546835,-0.974882860186836,1.4460845516567098,-52.06751330873892,140.62644167881896,29.851365395520883
13.04,-4.597726337886428,-1.2743224372703996,1.4675964993076431,-56.32480991319846,143.1963562474751,26.669333874996273
13.05,-4.897981340272113,-1.5755549163423987,1.4896551520809929,-60.390721773620065,145.73243276861987,23.530597518764267
13.06,-5.197613117513526,-1.8761853190982007,1.5120093992760106,-64.29928842914342,148.21276209146345,20.13290968142036
13.07,-5.494506241549253,-2.1740478988927103,1.5344346543793599,-68.07244071917701,150.62021779084742,16.291551654074038
13.08,-5.786781347968018,-2.467228941714378,1.5567336115254915,-71.72331974072837,152.94175572651275,11.90934293879161
13.09,-6.072806990066864,-2.754074949251913,1.5787359654136819,-75.25885230856046,155.16779486868853,6.952978873578205
13.1,-6.3512001138493535,-3.0331901692552004,1.6002973961213494,-78.68172980329378,157.2916724070294,1.4344990730811888
13.11,-6.611432556734237,-3.2947060432944744,1.6186141383082955,-81.99191057974524,159.30916633723376,-4.603099170119783
13.12,-6.846723347572089,-3.532256856908328,1.631911533563545,-85.1877439791804,161.21807899909328,-11.09691297450614
13.13,-7.0531419247417055,-3.742143860986377,1.6391904029852966,-88.26679569095276,163.0178753882921,-17.972516081266676
13.14,-7.228892560679528,-3.922667926350589,1.640025766760264,-91.2264391073769,164.70937045625402,-25.15021479014507
13.15,-7.373746758348177,-4.073599871903845,1.6344081594284803,-94.06426487815038,166.29446002785724,-32.54962093484565
13.16,-7.488596105560996,-4.195762911657818,1.6226194878628197,-96.77835065030403,167.77589039076088,-40.09290226776644
13.17,-7.575102852284376,-4.290706098920776,1.6051367953095848,-99.36742460182434,169.15706203108914,-47.70700215531128
13.18,-7.635429463757607,-4.360451345513569,1.5825584743229977,-101.83094952792956,170.44186340000795,-55.32506408690836
13.19,-7.672031725021913,-4.407299677222728,1.5555484522323912,-104.16914865594961,171.63453098843905,-62.887250152348955
13.2,-7.687502737078216,-4.433684952721123,1.5247946870853049,-106.38298982847043,172.73953235882098,-70.34110464809478
13.21,-7.684457441555098,-4.442065405379717,1.4909789869338788,-108.47414102177217,173.76146913096443,-77.64158291345036
13.22,-7.665449215485523,-4.4348451361673735,1.4547557237158686,-110.45317866986579,174.65612030288537,-84.80545931205764
13.23,-7.632911654612451,-4.414319150519038,1.4167374740432528,-112.32814022824398,175.39758319558473,-91.83584902243037
13.24,-7.589119966487418,-4.382636742597654,1.3774859991066226,-114.10522014934685,175.97363917694037,-98.72684349703147
13.25,-7.536167468840589,-4.341779028801304,1.3375072882011296,-115.78930322474845,176.38208493689433,-105.46701513607022
13.26,-7.475953572391834,-4.2935472539885575,1.2972496464643863,-117.38436861663617,176.62784868591731,-112.04202461145113
13.27,-7.410180352428274,-4.239559168361881,1.2571040168304264,-118.89379166929844,176.72074217534316,-118.43652068994831
13.28,-7.322817268248292,-4.172262260677093,1.2220784965448481,-120.3205654520736,176.67372572339295,-124.63548642948456
13.29,-7.204223430469635,-4.087300241161165,1.1953765240253496,-121.66745975585577,176.50158531505122,-130.62515599135892
13.3,-7.049513771433782,-3.982679725219666,1.1788386525901653,-122.93713179258003,176.2199390368387,-136.39360196086878
13.31,-6.857269696452883,-3.8581143388709855,1.1732934709809648,-124.13220000273911,175.84450520729445,-141.93107310719287
13.32,-6.628529141557876,-3.7145125318409304,1.1788345572130414,-125.2552900524722,175.39057707489064,-147.23014619359697
13.33,-6.366002409818323,-3.5535813379536667,1.1950374157405073,-126.30906020928984,174.87265930177816,-152.28574214592481
13.34,-6.073469689857624,-3.3775232773389487,1.2211278984749532,-127.29621174905812,174.3042299914462,-157.09504607855482
13.35,-5.755324085501269,-3.188807712366161,1.25611156985073,-128.21948880392034,173.6975990513673,-161.65736192651144
13.36,-5.416230564860986,-2.990001385132078,1.298871779046543,-129.08167105930278,173.06383946016962,-165.9739253767639
13.37,-5.060876689931323,-2.783645693363608,1.3482427931074306,-129.88556190472562,172.4127727443868,-170.04769312839363
13.38,-4.693795498668193,-2.572170600208903,1.4030631762430712,-130.1546380760857,171.73774968342852,-173.83178410015645
13.39,-4.3192446359338525,-2.3578370027059874,1.462213633572878,-129.59212099344273,171.03666359759222,-177.29984787665896
13.4,-3.9411288982573196,-2.142700971904091,1.5246427388592676,-128.03602338287334,170.3105923804232,-180.4410374696966
13.41,-3.5629558797711267,-1.928594581891623,1.5893833074150872,-125.42355859255959,169.56274982409437,-183.25599648374018
13.42,-3.1878164749748,-1.7171191133423513,1.6555616339509287,-121.76315771853884,168.7976850355064,-185.75367583687034
13.43,-2.825014386440522,-1.5027815007630367,1.7257915467551457,-117.11264666053063,168.02067984584136,-187.94882677535395
13.44,-2.4809608468109237,-1.2824434303198102,1.8015128471796844,-111.56239108007703,167.23730332171803,-189.8600433453888
13.45,-2.1598172589378595,-1.0546906568924224,1.8833062384191663,-105.2224301509733,166.45309010323888,-191.5082495652985
13.46,-1.8640142592029998,-0.8193391768926572,1.9711400833770811,-98.21279691074126,165.67331558503165,-192.91554496587963
13.47,-1.5946690709258902,-0.5770519000740966,2.064562086446268,-90.65636978898061,164.90284614106042,-194.10433751917878
13.48,-1.351919352182333,-0.3290441640389098,2.1628466638869353,-82.67372142996498,164.14604685741972,-195.09670574960785
13.49,-1.1351886695914797,-0.07686034112370821,2.265106830471814,-74.37953138948436,163.40673273466976,-195.9139424320614
13.5,-0.9433961544767685,0.17779297209781042,2.3703778224104526,-65.88021215712597,162.6881521825279,-196.5762410805273
13.51,-0.7751207421401113,0.43316900858514074,2.477678344527371,-57.27246616527674,161.99299396375162,-197.10249371335937
13.52,-0.6287285926591939,0.6875677350507268,2.586054228011576,-48.64254745497058,161.32341064183805,-197.51017439697645
13.53,-0.5024707866459324,0.9393953832843757,2.6946083757229586,-40.06604753908051,160.68105312473733,-197.8152880278254
13.54,-0.39455713445113133,1.1872028782407216,2.8025201230526005,-31.078208912438907,159.85895784064888,-197.5686178949908
13.55,-0.3032108923609522,1.429708194795905,2.9090565268368476,-21.402909438308832,158.72780412752238,-196.49341513341383
13.56,-0.22670831062137528,1.6658066610569304,3.013577590296562,-10.903605259694398,157.21644638392945,-194.44198064129517
13.57,-0.163406217139427,1.8945723976896445,3.1155370195419705,0.4552644344831478,155.2965113776903,-191.3613217245857
13.58,-0.11176024340714677,2.1152534080213425,3.214479771056035,12.638402861339905,152.97029718721663,-187.26617881726762
13.59,-0.06530788930931807,2.32489894421912,3.287457017167333,25.56295094455757,150.26134404129525,-182.21801629347485
13.6,-0.019587348561996745,2.521596952353411,3.320068007839638,39.11629887222141,147.2071587927379,-176.30882023604764
13.61,0.028332587640201322,2.704238668969961,3.3043361598045107,53.16951674200285,143.8536675001794,-169.64875306727419
13.62,0.08022750129734893,2.8723285683499498,3.237025743059069,67.58730511426309,140.25104762919062,-162.35688694040306
13.63,0.13701473656639712,3.025831659786872,3.118316803574766,82.23519905301988,136.45065527212955,-154.5543804331086
13.64,0.19898771285184463,3.1650514684193585,2.950770341757749,96.98462103982874,132.50281567651462,-146.35958117628712
13.65,0.2659991324527087,3.2905331534966584,2.73852775427295,111.71626418431772,128.45528907426495,-137.8846346331102
13.66,0.33760294012684644,3.4029871577055477,2.4866985262927277,126.32219338490282,124.35225984095969,-129.23325971121625
13.67,0.41316313334820104,3.503229568578176,2.2008984561237206,140.7069751215098,120.23372666398193,-120.4994180992256
13.68,0.4919360606681443,3.5921360319466746,1.8869075777844815,154.78808354469612,116.13519573417187,-111.7666585627455
13.69,0.5731316331718942,3.670606608166796,1.5504226497251041,168.49577908046433,112.08759889713558,-103.10796192302311
13.7,0.6559578698744551,3.7395394215414024,1.1968837933719256,181.50676426613143,107.86854683419902,-94.09533351911861
13.71,0.7396523677935424,3.7998113365335993,0.8313587566312941,193.60897975172918,103.34466362881444,-84.47486116062879
13.72,0.823503602578362,3.8522642132220284,0.4584714819585656,204.67577389834517,98.44853175942592,-74.12135179687215
13.73,0.9068644017715837,3.8976955593663964,0.08236429117281396,214.64517593090915,93.16054457092366,-63.00265524639528
13.74,0.9891594697305465,3.936852616153039,-0.2933148435985884,223.50335235064665,87.49473276937475,-51.15182874048689
13.75,1.0729867842165042,3.9627511883397606,-0.6467274822342657,231.27148264385218,81.48779652171197,-38.645622896056025
13.76,1.1598572234209223,3.9712315281158963,-0.9635100804270273,237.99542120171628,75.19071206098242,-25.58804164453182
13.77,1.2504825296029067,3.960238805938864,-1.2349954166811408,243.73762180509434,68.66239577992702,-12.097954495070088
13.78,1.3450011699796147,3.929254649839994,-1.4567932516476996,248.5708924251362,61.96500341885507,1.7000732036093886
13.79,1.4431540083456258,3.878851313954298,-1.6276642788749163,252.57362431793126,55.16052030012501,15.682411306209037
13.8,1.5444195819810371,3.8103450257417455,-1.7486327886559059,255.82620287595077,48.30836330919808,29.7310084322095
13.81,1.6481170169356756,3.725529217347206,-1.822292957640229,258.4083604906492,41.46376872320801,43.73649364575344
13.82,1.753483152762496,3.626471803766946,-1.8522715942640984,260.3972755085251,34.676783934213866,57.600094966101466
13.83,1.8597292363592497,3.5153635419763276,-1.842816765654326,261.8662576853621,27.991717193644064,71.23466210992615
13.84,1.9660815426310019,3.3944068862038046,-1.7984872180770173,262.88389058865977,21.44692904820793,84.56502249433368
13.85,2.071809452607666,3.2657367253629186,-1.7239220596066596,263.5135262003848,15.074873260744916,97.52785188571116
13.86,2.176243838363023,3.1313660168163446,-1.623673951703539,263.52880911939934,9.131933785485456,109.6652159917267
13.87,2.27878804417133,2.9931506729341413,-1.5020921831885579,262.80446702877055,3.783036553890141,120.68209803484532
13.88,2.3789232943277,2.8527691610291903,-1.3632445829045783,261.28977275583196,-0.8764091325528138,130.40748818820398
13.89,2.4762099827919166,2.711713183243531,-1.2108693563053188,258.9876618905429,-4.803010886922413,138.76332211744204
13.9,2.5702859939330605,2.571286544385524,-1.0483496820551557,255.93843166581948,-7.991519443666594,145.7398309481761
13.91,2.6642805879631646,2.4324568386577425,-0.8799228195377824,252.20713639225252,-10.463905591274923,151.3761121792789
13.92,2.7601100399508627,2.2960748121311734,-0.7090101847160953,247.87395254421855,-12.260830047140562,155.74493762339526
13.93,2.8587920960318702,2.1628715956387237,-0.5383444832557002,243.0269177451501,-13.435046441787597,158.94098683835085
13.94,2.9606932553827825,2.0334605627574036,-0.3700791354902192,237.7565567227018,-14.046359181899467,161.07183817602225
13.95,3.065721697273684,1.9083424363980541,-0.20588226786674207,232.15199744469075,-14.157825843945083,162.25116912987866
13.96,3.1734763998918174,1.787912572305391,-0.04701727428341543,226.29825517256552,-13.832950130628053,162.59371700021308
13.97,3.28336110753329,1.6724695937502412,0.105588290822721,220.27442366183294,-13.13365817085196,162.21163329868105
13.98,3.3946702332360124,1.5622247493236656,0.2512839405170723,214.1525633673737,-12.11888963570236,161.21193354633814
13.99,3.5066524827596575,1.4573115237138128,0.38964624798479264,207.9971180969232,-10.843667104038062,159.69480050996611
14.0,3.6185569090377885,1.357795156880989,0.5204364160071827,201.8647256254727,-9.358533456725397,157.75254542841483
14.01,3.7296652168386384,1.2636818261301221,0.6435643849236196,195.8043156165289,-7.709268745187659,155.46907004973315
14.02,3.839313404275885,1.1749273231653885,0.7590585726009409,189.72752804551487,-5.834891922086333,152.80964511317163
14.03,3.9469052248916254,1.091445118389527,0.867040456242093,183.5877410481858,-3.7078841281253037,149.77235299914605
14.04,4.05191945937804,1.0131137508508972,0.9677033082802109,177.36842039590945,-1.324819426613765,146.37807774379087
14.05,4.153912581246413,0.939783517115723,1.0612944886523923,171.07405401962384,1.3009404238883686,142.66277858296297
14.06,4.252518070516467,0.8712824582236025,1.1481007748092287,164.72316678772,4.14488734464214,138.67159583498295
14.07,4.347443360927769,0.8074216626294711,1.2284362801337936,158.3430016219043,7.175673028081629,134.45441963822833
14.08,4.4294527412638205,0.7504774044409094,1.294966046742063,151.965528447679,10.358348825852074,130.0626198160063
14.09,4.492753812489584,0.7017886337637107,1.3432395002803845,145.62450494825987,13.656759181901263,125.54669122959979
14.1,4.534146357535102,0.6619927098395045,1.3709652704962145,139.35336474864053,17.035267521299332,120.95461532201372
14.11,4.552347018150227,0.6312122254714887,1.3774370747064606,133.18375128822882,20.459959763628273,116.33077676497511
14.12,4.54745702268858,0.6092020442253443,1.3630823748009895,127.14455074849884,23.899442807930704,111.71530555701395
14.13,4.520545913639307,0.5954640835143399,1.329110462222527,121.26130624767393,27.32533244655798,107.14374071966155
14.14,4.473328981396456,0.5893360518964621,1.2772407462606026,115.55591915527658,30.712506378851398,102.64693285656874
14.15,4.407920072928116,0.5900592455181142,1.209495451088472,110.04656270148885,34.039182617469386,98.251120076098
14.16,4.326644738811401,0.5968295909990713,1.128043777739774,104.74774880107014,37.28687102835742,93.97812580038045
14.17,4.231901417613366,0.608835360105344,1.0350869526750002,99.67050179872508,40.44023553303594,89.84563835160773
14.18,4.1260606239150395,0.6252843499597416,0.9327755439386167,94.68109928718496,43.478009505554645,85.95709216877928
14.19,4.011393982110947,0.6454227999505655,0.8231520458446157,89.69592805945891,46.38497959637065,82.37889321070149
14.2,3.8900264970203344,0.6685478849551503,0.7081130697478032,84.66852864872257,49.150896853166444,79.14918171933557
14.21,3.763906728585379,0.6940152688946256,0.5893865789037598,79.57941047356229,51.76955396040832,76.28484263651045
14.22,3.6347905870837716,0.7212429102932891,0.4685205092733198,74.42810802922732,54.238005521523775,73.78708237070707
14.23,3.498473112699527,0.7503510659252295,0.35096688592972036,69.22704258180488,56.55591130102317,71.64583612583228
14.24,3.352712988207879,0.7812826432215955,0.2404654049767767,63.99683199415295,58.724984972037575,69.84322443455105
14.25,3.196699132786092,0.8138606312350638,0.1394341721019247,58.762756208914034,60.74853321933184,68.35623947306715
14.26,3.0306334902108985,0.8478320733665687,0.04928353110584273,53.55213969963999,62.63107206624366,67.15880997838025
14.27,2.855407606723253,0.8829012830024231,-0.02933314780971956,48.39245669849159,64.37800905958228,66.22336713411543
14.28,2.67235459080794,0.9187545089644504,-0.09632020938627728,43.310001751276545,65.9953814890759,65.52201178503515
14.29,2.4830613685188743,0.9550778484416111,-0.15198244808910624,38.328998426300934,67.48964216400549,65.02736506435922
14.3,2.289228903525988,0.9915698668616462,-0.19690195057076273,33.47104389458956,68.86748544278683,64.71316936581844
14.31,2.0925703332184664,1.0279501052139146,-0.23184253795665877,28.754807513059234,70.13570723239857,64.55469405320432
14.32,1.894738858791076,1.063964425768902,-0.25767644890057784,24.195918239717784,71.30109356226613,64.52898994410022
14.33,1.6972787837103587,1.0993879586628623,-0.27532886080296387,19.806989327475122,72.37033310793132,64.6150280698792
14.34,1.5015943762936532,1.1340262574746696,-0.28573664166257395,15.534985902730014,73.40880712997546,64.6929211170017
14.35,1.3089322844934128,1.167715145892897,-0.28981838488889083,11.347698358167179,74.45960965159584,64.68255180058344
14.36,1.1203740930673118,1.20031963498282,-0.2884533260759744,7.22808693376984,75.54902821272287,64.53406057491935
14.37,0.9368363175526105,1.2317322073450683,-0.28246719278718135,3.1698744793329268,76.69088635782113,64.22027038737708
14.38,0.7590757029781066,1.2618706972133575,-0.27262341144045976,-0.8258562461690171,77.88996132665403,63.73069029712844
14.39,0.5805857017242052,1.2792161269844913,-0.26319469941857787,-4.7532604790305175,79.1446530179479,63.066801876918966
14.4,0.3973873893273906,1.276567505592981,-0.2570440240050609,-8.60368787677941,80.44904913810446,62.238384132864034
14.41,0.20737531669890263,1.2499650240769262,-0.255960509512953,-12.367130618139868,81.79450552646092,61.26067585786643
14.42,0.009802893526789452,1.1978371451908667,-0.2609271161250576,-16.03327139256809,83.17083911779055,60.15221026661638
14.43,-0.19511929491915922,1.120329668438383,-0.2723326838253526,-19.592218920731185,84.56721314758259,58.93318661533955
14.44,-0.40653412408423983,1.018782179482643,-0.2901387544163067,-23.035001708641826,85.97277942461996,57.62426827485095
14.45,-0.6231754872355435,0.8953234002765647,-0.3140097648199147,-26.35387682477655,87.37713028229345,56.245717232831595
14.46,-0.8435474864819845,0.7525620394032813,-0.34341368804000905,-29.542499089741586,88.77060274935577,54.816791950707845
14.47,-1.066057272272817,0.5933539663971027,-0.3776989356686438,-32.59598675339768,90.14446919492522,53.35534948088918
14.48,-1.2891113124094602,0.42063003866075965,-0.4161522865953855,-35.5109121463452,91.49104190149171,51.87760425614038
14.49,-1.5111830264625046,0.23727181248514392,-0.4580417360070237,-38.28523963178444,92.80371345195671,50.398005409804256
14.5,-1.7308582003157371,0.04602476951012943,-0.5026474376789283,-41.02138249303074,94.04618855299788,48.606751045900054
14.51,-1.9468633442595507,-0.1505593300786616,-0.5492833164031974,-43.78424634541254,95.19474173816351,46.31318808909378
14.52,-2.1580811312307975,-0.3501577263422442,-0.5973114355193099,-46.61076849439914,96.23527123786602,43.41565706118445
14.53,-2.3635562113930826,-0.5506949904091712,-0.6461507995540329,-49.51743818042352,97.1609393267381,39.87766504726822
14.54,-2.5624940134099825,-0.7503487307586485,-0.6952819393675945,-52.50618097764126,97.97029276874153,35.70919459401318
14.55,-2.761474596556474,-0.94941537803482,-0.7423209894875541,-55.56892290302871,98.66577513580596,30.95216564209482
14.56,-2.964515614276541,-1.147729942220651,-0.7856689676211227,-58.691093450878384,99.25255796397332,25.669241971931527
14.57,-3.1737375442126594,-1.3448268758316855,-0.8243286172822465,-61.854279957714326,99.73763040146615,19.93531866976364
14.58,-3.389886718069283,-1.540061663539537,-0.8577577990217384,-65.03820687436313,100.1290975928112,13.831147551580818
14.59,-3.612743298413832,-1.7327012265639823,-0.8857527770612101,-68.22218137016266,100.43564686768929,7.438657320420104
14.6,-3.8414365357102653,-1.9219897238081345,-0.9083558875947513,-71.38612012059295,100.6661481459596,0.8376078510048934
14.61,-4.074685635464247,-2.1071950877987318,-0.9257830276715212,-74.51125021029725,100.82936107051042,-5.8967137673266485
14.62,-4.310981241063711,-2.287640608426905,-0.9383671990451017,-77.58055904255467,100.93372643893542,-12.694991556962258
14.63,-4.548719782094325,-2.462725034649691,-0.9465150047263817,-80.57905333251423,100.98722369350217,-19.49476322516886
14.64,-4.786300657437666,-2.6319339729963076,-0.9506735483721664,-83.49387512888046,100.997279689578,-26.240838921547603
14.65,-5.022194338941699,-2.7948447961902914,-0.9513056459500715,-86.39388321635712,101.14728907966624,-32.985591935155185
14.66,-5.254987929002542,-2.951126813908082,-0.9488716404147994,-89.32018004936121,101.55380534374794,-39.750991766292
14.67,-5.483413428681834,-3.1005380826375255,-0.9438164261169132,-92.29345604318651,102.2830944508496,-46.537655424306216
14.68,-5.7063629255828054,-3.242919927738671,-0.9365605510433624,-95.31974634414915,103.36425588480431,-53.33182737473904
14.69,-5.922894053713529,-3.3781900056045235,-0.9274944807637999,-98.3949053470313,104.7995528689129,-60.11069999512367
14.7,-6.1322283784052205,-3.506334536829051,-0.9169752856985429,-101.5080498232493,106.57248150962982,-66.84641136775414
14.71,-6.326292835711734,-3.623673254143923,-0.9084033293134499,-104.6441763112918,108.65401512615,-73.5089950830696
14.72,-6.499956198468306,-3.7279758011344146,-0.9039896611675264,-107.78612090872411,111.00738224464465,-80.06850533299627
14.73,-6.6503183686277225,-3.81810444528079,-0.9050454557248803,-110.91599853441515,113.59167208447856,-86.49649816015001
14.74,-6.7761440540743285,-3.893729997059913,-0.9122120193666822,-114.01623304173339,116.36450771700495,-92.76701480103685
14.75,-6.877414254383447,-3.955107398803551,-0.9256424079625454,-117.07026836779264,119.2839826391035,-98.85718436420868
14.76,-6.9549735658969745,-4.002899789415676,-0.9451437770313997,-120.06303345222506,122.31001976119808,-104.74753956525112
14.77,-7.010255146402528,-4.038041806588365,-0.970287984783242,-122.98121932340018,125.40528149101016,-110.42212001785887
14.78,-7.045068374069686,-4.061634518538174,-1.0004966341619221,-125.813415003879,128.53573463078362,-115.86842191638786
14.79,-7.06143689586513,-4.074865734642511,-1.0351056303326192,-128.55013928907806,131.67095329968004,-121.07724022364138
14.8,-7.061476973345412,-4.078950572692289,-1.073413408541546,-131.18379763454192,134.78422629176742,-126.04243918364743
14.81,-7.047307870985827,-4.075088096909056,-1.114716223293393,-133.70858703945123,137.852521552872,-130.760678683869
14.82,-7.020987555141575,-4.064430616683634,-1.1583332575499028,-135.99157762100575,140.85190591939792,-135.19632240597565
14.83,-6.984468231813322,-4.048062877521893,-1.2036237884449017,-137.9496475700878,143.76344888392492,-139.32897622146953
14.84,-6.939567291911622,-4.026988905096244,-1.2499982155876874,-139.53724884653712,146.57255631331688,-143.14992516561477
14.85,-6.88795009009827,-4.00212469923065,-1.2969244040591092,-140.73668561392117,149.26836626749153,-146.65926167067917
14.86,-6.831121688117142,-3.974295332739881,-1.3439305038299296,-141.55043933812985,151.84320509225432,-149.86358308319117
14.87,-6.770425271483515,-3.9442353034280626,-1.3906051697665813,-141.9951553629638,154.29210103493645,-152.77415678690642
14.88,-6.679734313577718,-3.898798365901033,-1.4220558735440674,-142.09697327101094,156.6123520179943,-155.40546830627417
14.89,-6.543012041421913,-3.8299270333386044,-1.4288985121316264,-141.88793958080433,158.80314383348113,-157.77408207766624
14.9,-6.35176001371582,-3.7333648800454986,-1.4058904829043364,-141.4032881296655,160.86521483402447,-159.8977565744412
14.91,-6.103001553279395,-3.6076388712480583,-1.3508472351215828,-140.6794123714869,162.80056314829514,-161.79476551907322
14.92,-5.797699354854331,-3.4532608817559085,-1.2637893100958117,-139.7523860664212,164.6121925046483,-163.4833853178342
14.93,-5.43952425580504,-3.2721064870074814,-1.1462761345741739,-138.6569155388218,166.30389287680202,-164.9815158706492
14.94,-5.033906873570531,-3.0669365418577943,-1.0008905446127303,-137.42562874313512,167.88005234730613,-166.30640776058905
14.95,-4.587316054623246,-2.8410332440983477,-0.8308444376233292,-136.08862457207348,169.345496800302,-167.4744736999324
14.96,-4.1067182457731,-2.5979275134511313,-0.639681286836182,-134.67322081202292,170.70535429085345,-168.5011661599396
14.97,-3.599180327571878,-2.341198773195092,-0.4310556809862499,-133.20385143846826,171.96494118335528,-169.40090647211008
14.98,-3.0715854257093973,-2.074331744299622,-0.20857372076361683,-131.13202516129607,172.90852481619027,-170.1750222275465
14.99,-2.530436978963037,-1.800617771826175,0.0243188627904658,-128.1202290227873,173.40331648847,-170.82828879390686
15.0,-1.9817310926742668,-1.5230906020389465,0.2644114992775697,-123.98862745378237,173.37867578428674,-171.36782212177715
15.01,-1.4308811138906377,-1.244488501499087,0.5087750491514558,-118.67293084650429,172.8096466300662,-171.8022225411767
15.02,-0.8826815700554701,-0.9672362280338864,0.7547864293872351,-112.19133148997994,171.7040134824863,-172.14092059265937
15.03,-0.35490149805944454,-0.6924854906522963,0.9963339932549576,-104.6187735540847,170.09220796194157,-172.39368469312495
15.04,0.14040181431416154,-0.4214369790684035,1.2290434469418439,-96.06713105629763,168.01951452843417,-172.57025771331274
15.05,0.5955790227092064,-0.15526537319620495,1.4499096072301356,-86.67012331469438,165.5401222391895,-172.68009558175692
15.06,1.006340814557285,0.10493207131836998,1.656996748437782,-76.57200964412948,162.71265143355092,-172.73218603079562
15.07,1.3709198913451595,0.3581687830276638,1.8491956857398284,-65.91928103894436,159.59685206183303,-172.73492973419815
15.08,1.689404646167549,0.6035883271728101,2.0260276909207695,-54.85471224176783,156.25122658650332,-172.69606949626814
15.09,1.9632128703523963,0.8404735182459473,2.187486976331319,-43.51325792006602,152.7313768520562,-172.62265595923878
15.1,2.194679286312447,1.0682479420816744,2.333914861084432,-32.01937586056188,149.08891265555545,-172.52104060046008
15.11,2.386735267392539,1.286472052579707,2.4658998908548226,-20.48544167485135,145.37079130706843,-172.39688867807325
15.12,2.5426629125058726,1.4948355342528072,2.5841991534281874,-9.010986448363454,141.61898338480873,-172.2552063246256
15.13,2.665908814764524,1.693147238937601,2.6896768455354936,2.3174564586952737,137.87038111704288,-172.1003772418759
15.14,2.759945501273935,1.8813236970423317,2.783256827209686,13.740312623609096,133.93615073651378,-171.46623474394656
15.15,2.8281707119894586,2.059376957193336,2.8658864688397374,25.392281314289683,129.70544862347944,-170.06231762844664
15.16,2.873836501718587,2.2274023119173023,2.938509570977912,37.33099808666703,125.12502032219115,-167.72985786077066
15.17,2.900001652240503,2.385566311802755,3.002046532757235,49.55943524760495,120.18316295397914,-164.40694716405508
15.18,2.909502122661253,2.534095348760683,3.0573802741557228,62.04325142121483,114.8972187248137,-160.1011603276971
15.19,2.9036618142800164,2.6690395371913143,3.0854625073988404,74.72408479815644,109.30391464996427,-154.86821456785248
15.2,2.8840382184789073,2.788072923419742,3.074648482954381,87.52960469004319,103.45198625075375,-148.7954955236188
15.21,2.8523053107718015,2.8900884803985587,3.0188295730958306,100.3809867817632,97.39662483059796,-141.9894895338853
15.22,2.8101668243049835,2.9748765722083337,2.915956299461418,113.19835394329417,91.1953723913574,-134.5663355303506
15.23,2.7592935436260246,3.042871400063022,2.766878463220316,125.90462239671612,84.90515815470641,-126.64485395028001
15.24,2.701279448916883,3.0949526280164195,2.5744418847135684,138.4281088750338,78.5802284034848,-118.34152936055992
15.25,2.6376125230013585,3.132291628608227,2.3427919648890834,150.7041851680804,72.27076896989142,-109.7670220683076
15.26,2.5696568426783157,3.1562336572729772,2.0768431880319143,162.67620961901156,66.02205886347707,-101.02386530025976
15.27,2.4986432411885735,3.1682088194164812,1.781881084886884,174.29591861020626,59.874025672492486,-92.20507144314732
15.28,2.425666374135175,3.1696659862409207,1.4632693123425713,185.5234230992406,53.8610996778391,-83.39342576741022
15.29,2.3516864672628413,3.1620248873411065,1.1262395868288806,196.3269243615191,48.01228508659615,-74.66129103368591
15.3,2.2775343881757304,3.1466424957558154,0.7757464072252985,206.51605638569424,42.25438230842063,-65.86481631991987
15.31,2.2039189795614162,3.1247905548111534,0.41637196549519456,215.96978684622292,36.54569287339661,-56.9275779698816
15.32,2.1314358306778107,3.0976417012018573,0.05226949220878213,224.6201685092739,30.86731721258763,-47.821882085643296
15.33,2.060576856662163,3.0662621367219223,-0.3128643773739613,232.4393056535138,25.216382123811783,-38.55419889112568
15.34,1.9917402098953279,3.031609209845909,-0.6757957165298438,239.4289561106854,19.600820681591845,-29.153924266847238
15.35,1.9338468312248158,2.979772296406558,-1.0200416413998425,245.6122878357615,14.035395358153005,-19.664808355575268
15.36,1.8925159085241579,2.902271983373524,-1.3346904410967984,251.02739123682161,8.538711541548967,-10.138511163548667
15.37,1.8708809150980124,2.7946818184708033,-1.6130893248390987,255.72221734843325,3.1310153621872656,-0.6298445413701099
15.38,1.8702369796434193,2.6555394848534073,-1.8517953083087106,259.7506694501138,-2.1673916352254285,8.806657802284155
15.39,1.8905510353696862,2.485492864098503,-2.04974119268033,263.1696237156743,-7.337256570163877,18.119132683249926
15.4,1.9308607155367485,2.286636027141145,-2.2075768355686143,266.03669445321293,-12.361107416103348,27.259976697483957
15.41,1.989583392781898,2.061998169145661,-2.327152805003979,268.4085927458482,-17.223701114477542,36.186820836132796
15.42,2.06475295421769,1.815155138280407,-2.411119260519552,270.3399549158551,-21.9122577716533,44.863041238039195
15.43,2.154198740207359,1.5499387172714498,-2.4626177012766277,271.8825401254763,-26.41653667421855,53.25792602318263
15.44,2.2556784480524965,1.2702233836172492,-2.4850472134007013,273.0847153680087,-30.72879810927977,61.34659301175178
15.45,2.3669746249909545,0.9797740537119874,-2.4818901669285838,273.99116174254266,-34.84368543880484,69.10973270542786
15.46,2.4859625741586546,0.6821414376545575,-2.4565850662708497,274.467065174292,-38.42213620019074,76.32159375239569
15.47,2.6106560104724132,0.380594204342079,-2.4124365389774374,274.4396811586821,-41.25306587989224,82.84054247200685
15.48,2.739235578586412,0.07807927222110606,-2.3525543334134005,273.8819556777217,-43.221655231759605,88.58873661820628
15.49,2.870064338361325,-0.2227967232921976,-2.2798147519551666,272.799642070371,-44.28419311600988,93.53591938644712
15.5,3.0016934979141365,-0.519770314741018,-2.1968392273493085,271.221249414074,-44.44825311361528,97.6865770727982
15.51,3.126245272927384,-0.7973312930634071,-2.1147724699589667,269.19027525823765,-43.75719497415012,101.06983407895261
15.52,3.238503004541629,-1.0453810543574331,-2.041201803091185,266.7592731704251,-42.278159422729644,103.73156780283784
15.53,3.335280945167763,-1.2579379108788917,-1.9809887669211341,263.985386686311,-40.09287264554325,105.72831677174918
15.54,3.4149210206613487,-1.4321045348000736,-1.9369338564505783,260.92704857140154,-37.29069967307336,107.12263104526238
15.55,3.476893296502621,-1.5672493539498475,-1.9103049348253907,257.6416000611674,-33.96348791689062,107.97957687232224
15.56,3.52148088162953,-1.6643620277640006,-1.9012546079558477,254.18363084501073,-30.201826687867303,108.36415988453612
15.57,3.5495333502145483,-1.7255500713012135,-1.9091474560557584,250.60387859521927,-26.092418492371966,108.33947447752068
15.58,3.5622755538914537,-1.7536494835608671,-1.9328143547421313,246.94855815668458,-21.716315676385662,107.96542293316378
15.59,3.5611610233920588,-1.7519270577707629,-1.9707480663685712,243.25901623329077,-17.147823589787855,107.29787749610092
15.6,3.547761094113608,-1.7238560613918785,-2.0212517430658954,239.5716284774257,-12.453910574470552,106.3881830706028
15.61,3.5236824979773376,-1.672950303581338,-2.082549873647802,235.917873101666,-7.693997166988645,105.28291831748176
15.62,3.4905074973191694,-1.6026443684215639,-2.1528694572296345,232.01014439102585,-2.867454781548056,104.00019708755704
15.63,3.4497517403448876,-1.5162100765709818,-2.2304977382390936,227.67431418503227,2.013847880731758,102.5622846436228
15.64,3.4028359296531487,-1.416701124562577,-2.3138216409228267,222.8205936244305,6.930072942435334,100.99357376749651
15.65,3.351068147243592,-1.3069194057289555,-2.4013530548063873,217.42056421241895,11.856828001604608,99.31908985087296
15.66,3.2956342979718394,-1.189397795074165,-2.491743310840916,211.48920891724,16.76769702528053,97.56341336281245
15.67,3.2375946409896823,-1.0663952288425587,-2.5837895217859557,205.07098024442487,21.636074397158858,95.74992909618096
15.68,3.1783308155855514,-0.9426750209418211,-2.670389663144527,198.22911384314938,26.436453696488243,93.90032892470545
15.69,3.1189367627879996,-0.821700696752729,-2.7468508032507715,191.037538862036,31.145293665415245,92.03430906472651
15.7,3.0602669373396947,-0.7059108384786793,-2.8103153665696397,183.574854640372,35.74155987787774,90.1694145459549
15.71,3.002977227522864,-0.5969424877288677,-2.859303493174339,175.91994137520675,40.20702098288051,88.32099318519329
15.72,2.947559619366274,-0.49581205164620595,-2.8933501469832614,168.14885348023194,44.5263623278215,86.50222918761331
15.73,2.894371500720506,-0.4030611785967565,-2.9127193091911465,160.3327112555394,48.687166661790414,84.72423287427249
15.74,2.8436603781913368,-0.31887382536934405,-2.918180669647234,152.53636157692995,52.67980096300047,82.99616820490287
15.75,2.7955846736024874,-0.24316969332277624,-2.910836794555377,144.8176235695294,56.497239801659916,81.32540394257104
15.76,2.750231174445048,-0.17567833486357445,-2.891990885605161,137.22697231372638,60.134848683469706,79.71767766743199
15.77,2.7076296328461873,-0.11599749767723481,-2.8630470225492473,129.80754393314191,63.59014522293044,78.17726453681
15.78,2.667764938366313,-0.06363865993818806,-2.825436256576198,122.37245016708806,66.75037379067868,76.7771448376455
15.79,2.6305872300231643,-0.018062196380278596,-2.780563144693487,114.811685271093,69.54650330456262,75.56291603600812
15.8,2.59602026113006,0.02129581337680309,-2.729768327087557,107.07172104086153,71.94247202335777,74.55950891298758
15.81,2.563968285764072,0.05500348000553218,-2.674303584866743,99.139514850437,73.92663618052731,73.7765261797308
15.82,2.534321697023257,0.08361834616773292,-2.6153165039761745,91.0300821463263,75.50501476879873,73.2124588051476
15.83,2.5016396841959363,0.10160429248275521,-2.547947550257267,82.77693604211743,76.69599337104901,72.85799103107364
15.84,2.462471589603642,0.105674134073177,-2.4694329540607005,74.42482231684767,77.52620885449888,72.69856811436925
15.85,2.414860941195022,0.09421572259797292,-2.3785534687868424,66.02428238379508,78.02738586482582,72.71637005338926
15.86,2.3579528110770163,0.06683865395157133,-2.275201097289795,57.62766315948049,78.23393694668951,72.89180893928746
15.87,2.2916851142113543,0.02401886352108478,-2.160041294349566,49.28626416733889,78.1811721043138,73.2046462868071
15.88,2.216547856451917,-0.03317762231172895,-2.034252134740049,41.04837113085181,77.90399181938697,73.63480904136563
15.89,2.1333971698403134,-0.1033071886374423,-1.8993252486444054,32.957973825734584,77.43596090683118,74.16296833688644
15.9,2.0433133266648853,-0.18471003613749437,-1.7569160775111028,25.05400581504451,76.80867990617513,74.77093299317232
15.91,1.9474938790398533,-0.27563084020328776,-1.6087332851268321,17.36997634812133,76.05138664553834,75.44189977311243
15.92,1.8471746924353225,-0.374307116090172,-1.4564590475438217,9.933891389862673,75.19073373825132,76.16059421610252
15.93,1.7435729842348862,-0.47903216668219784,-1.3016935062032224,2.7683824866113547,74.25069855053664,76.91332912874941
15.94,1.6378475879265963,-0.5881981888448425,-1.1459179555158208,-4.111617820443801,73.41644843390104,77.51894955679724
15.95,1.5310725785516308,-0.7003240422033842,-0.9904723949722739,-10.69493634220415,72.80911499014086,77.86123430673703
15.96,1.4242211479771103,-0.8140713023668112,-0.8365439448903051,-16.97397791635307,72.50128280139795,77.87297093871496
15.97,1.3181572366471503,-0.9282514971163975,-0.6851633363029346,-22.944465024528654,72.52930990722902,77.52331268533517
15.98,1.2136329345232377,-1.041826832064119,-0.5372072661633499,-28.60512915568618,72.9030671591604,76.8078062351025
15.99,1.0995132430826788,-1.1608629558537282,-0.39749514517317563,-33.95737722794068,73.61358166970655,75.7405857304743
16.0,0.9689737751440729,-1.2889562434979123,-0.2691742450323342,-39.00495040952863,74.63898454314946,74.34831707098996
16.01,0.8184032216208482,-1.4278766280765673,-0.15411415213638996,-43.753587948727734,75.94909222853512,72.66555051369708
16.02,0.646537081379588,-1.5780732707796687,-0.05322226974156698,-48.21070490169542,77.5088918908531,70.73120101655735
16.03,0.45377895824700337,-1.7390691949797181,0.03330524869851158,-52.38508974539678,79.28115223017488,68.58592679198216
16.04,0.24167341835454692,-1.9097663868088148,0.10578521539863393,-56.28662562272085,81.22834056855338,66.27021882646618
16.05,0.01250080328756592,-2.0886790184615722,0.16489191309561896,-59.926037259046346,83.31399340432168,63.82304910952869
16.06,-0.2310302825932352,-2.274109255475059,0.21153624842833565,-63.31466430763608,85.50365985300692,61.280954204945736
16.07,-0.48601267378100776,-2.4642774596154178,0.24677284759563803,-66.4642609383157,87.76551448627504,58.677454601795375
16.08,-0.749508735750771,-2.6574164055015066,0.27172958243869544,-69.38682080892416,90.07071723261689,56.042729852275656
16.09,-1.0186700203360368,-2.8518373166293722,0.2875550082735459,-72.09442609424605,92.39358253390435,53.40348555086622
16.1,-1.2908191566320553,-3.045974031891002,0.29538001933016345,-74.6247537133089,94.81503502891078,50.55614492871845
16.11,-1.5635025897672217,-3.2384103839694953,0.29629071098930126,-77.005719611943,97.38032233549254,47.37883030607318
16.12,-1.834521086763886,-3.427894861630973,0.291310003271826,-79.25779285532519,100.10856609381264,43.81027742214175
16.13,-2.101943540564853,-3.613345801606474,0.2813860466878162,-81.3958258937052,103.0002456727761,39.83322485735718
16.14,-2.364108468310527,-3.7938496812160425,0.26738581595720307,-83.43049302768318,106.04301176750265,35.46142921061026
16.15,-2.617972438408387,-3.958421922665179,0.235608806374698,-85.36941274919032,109.21615640725899,30.72960660859916
16.16,-2.8613574431668685,-4.100066849419834,0.17770266057782086,-87.2180160466743,112.49400711823276,25.685725893267797
16.17,-3.092779294293983,-4.214806412545135,0.08930778592434963,-88.98021148862846,115.84846420746418,20.3851825177317
16.18,-3.3113057475409224,-4.300907619174009,-0.03101369525521487,-90.65888856015616,119.25085972164055,14.886468205269505
16.19,-3.516439561741234,-4.358271887437096,-0.18261819939814725,-92.25629300435958,122.67328321379075,9.24802267464959
16.2,-3.7080224371385344,-4.387955925917584,-0.3634342808572759,-93.77430154631872,126.08949186688614,3.526012636550945
16.21,-3.8861564068613976,-4.391799055046667,-0.570465891508782,-95.2146181274591,129.47549980507762,-2.2271681376093895
16.22,-4.051139789890714,-4.372136321278448,-0.8001751060414278,-96.57890946353429,132.80992275565717,-7.9638438654807056
16.23,-4.203415267739517,-4.331580444634931,-1.0487687117956974,-97.8688942021201,136.07413892416773,-13.641580253985259
16.24,-4.3435280321951,-4.2728587063416015,-1.3124085795629108,-99.08639706299135,139.25231443861372,-19.223392862794725
16.25,-4.472092278009876,-4.1986934270135565,-1.5873620219394955,-100.23337698624881,142.33133152708206,-24.677724753455717
16.26,-4.58976459105174,-4.111716792496637,-1.8701052813801233,-101.19538366556208,145.45514146987904,-30.14389471897428
16.27,-4.697223016556334,-4.014412525825598,-2.157390763992417,-101.9018134869001,148.7121544943622,-35.70405068589082
16.28,-4.79515079010206,-3.909078340232831,-2.446286557476621,-102.31496961714076,152.1495136223324,-41.3983272065602
16.29,-4.884223881167317,-3.7978042904850926,-2.734195067005623,-102.42139278150482,155.7843381566666,-47.23672666917476
16.3,-4.9651016402493635,-3.6824631106569052,-3.018856208032129,-102.22503839178061,159.61251258449855,-53.20835398577468
16.31,-5.028171207514426,-3.5597180972895957,-3.2867775664278307,-101.74194974254445,163.61549492731666,-59.288522329651954
16.32,-5.067634730872123,-3.427891789572427,-3.529116282453418,-100.9961387330115,167.76553390562492,-65.44415425450809
16.33,-5.08054534738418,-3.286508104937687,-3.7405742672915716,-100.01643697327331,172.0296139455439,-71.63782516115019
16.34,-5.066044618273768,-3.135934913807439,-3.918516117889451,-98.83412286279405,176.37238870872213,-77.83073199092765
16.35,-5.0247636096197015,-2.977107610495743,-4.062268923808704,-97.48116569228267,180.75831551404735,-83.9848170363094
16.36,-4.958356428499416,-2.811317714574916,-4.172570180941235,-95.98895720237277,185.15316308934374,-90.064233032702
16.37,-4.8691405391764615,-2.6400534255500876,-4.251135893011847,-94.38742533164637,189.52503215556638,-96.03629968972625
16.38,-4.759822773119939,-2.464881449217298,-4.3003258364988595,-92.7044449417877,193.84500123892815,-101.87207224021218
16.39,-4.633293759720663,-2.287361397266292,-4.322887043233161,-90.96547682453203,198.08748784925444,-107.54661834559353
16.4,-4.4924766676036105,-2.108985700410223,-4.321759948605026,-89.19337986598322,202.23039693511274,-113.03907988782088
16.41,-4.340218765640414,-1.93113932665569,-4.299934472660285,-87.4083523657519,206.25511364066537,-118.33258003946491
16.42,-4.179216477545036,-1.75507470821321,-4.260345639697045,-85.67951056052493,209.78161967315617,-123.30280218066812
16.43,-4.0119663894832795,-1.5818981932268932,-4.205800277882533,-84.05411934424515,212.56985224813099,-127.87064727525348
16.44,-3.840736139623492,-1.412565085705295,-4.138927940064214,-82.56257195300991,214.48526497579027,-131.99149321486607
16.45,-3.6675503250382495,-1.2478809470121506,-4.062150506001037,-81.22239155717396,215.47148522373567,-135.64660514072474
16.46,-3.494187549310441,-1.0885073286557183,-3.977666011452319,-80.04143080112937,215.52874776031305,-138.83630527903028
16.47,-3.3221855408576344,-0.9349705086404543,-3.8874431401889105,-79.02041543821034,214.69701417274155,-141.57457777582707
16.48,-3.1309984968978544,-0.7762271151148701,-3.7595232451256337,-78.15495318347114,213.0428791343317,-143.88484000945422
16.49,-2.908060103897695,-0.6054127173478956,-3.5743661670211684,-77.43710798249458,210.64952416833032,-145.79665862898676
16.5,-2.646751655860925,-0.41878098086750043,-3.3217025708857455,-76.8566224199547,207.6091122744379,-147.34322758271236
16.51,-2.344798218221403,-0.21486632064296063,-2.9980469588508596,-76.40185641784393,204.01712699407005,-148.55945790179643
16.52,-2.0030119797539587,0.006172194347096177,-2.604746897699569,-76.06049823576397,199.96825085552436,-149.48055603806085
16.53,-1.6243161603930625,0.24306049383020764,-2.146465851002774,-75.82009369243511,195.55345374595817,-150.14099000490523
16.54,-1.2129946879444566,0.49380133237320023,-1.6300152069118758,-75.66843114784146,190.85802420007252,-150.57376118193218
16.55,-0.774122705138117,0.7559717570826383,-1.0634662309008804,-75.59381284035601,185.9603280587803,-150.8099150445374
16.56,-0.31314114394095477,1.0269454121717652,-0.45548524393822043,-75.58523742789484,180.9311212687092,-150.8782367980245
16.57,0.16445462074381606,1.304055335222026,0.18515425139783914,-75.63251383894848,175.83327830399298,-150.80508837611652
16.58,0.6533364212731981,1.5847099716870159,0.8499201495137522,-74.70311949918855,170.83215811860583,-150.02844368417993
16.59,1.1484950074701232,1.8664727169944573,1.5307615539683876,-72.149126494285,166.04415004898,-148.20353438661567
16.6,1.6453377608158077,2.147113304526904,2.2202644803414047,-67.61126898248564,161.54742027464494,-145.14799952934337
16.61,2.139745223141187,2.4246377214596166,2.911743278115705,-60.94297409844376,157.39060084024248,-140.7985178036156
16.62,2.628096681141831,2.697301993060907,3.5992836385101032,-52.15061571766613,153.59978468184295,-135.1767632405483
16.63,3.0813271210945454,2.949658561894683,4.235566253614476,-41.34690476712107,150.18412926264645,-128.36290371056592
16.64,3.4805891450502005,3.1717384839989773,4.789850625710273,-28.714875066018667,147.1403203815482,-120.47517700342958
16.65,3.8147956155701803,3.3577305455593143,5.243983798267481,-14.480377478035543,144.456104941017,-111.65434164744511
16.66,4.078661625552179,3.5049290718335895,5.589221101613237,1.1086277676477714,142.11306565061307,-102.05201756612726
16.67,4.271153778484014,3.612900884723124,5.823709118016128,17.79737791258594,140.08878070050585,-91.82211239581238
16.68,4.3942706636205555,3.6828304291375433,5.9505069764106535,35.335351933194396,138.35848643579635,-81.11467888726533
16.69,4.452091685494576,3.7170092382136444,5.976043713598227,53.483976371709744,136.89634021108535,-70.07167241248222
16.7,4.45004247638077,3.7184418690496455,5.9089274693293365,72.02174023273099,135.67636324116347,-58.82417950335101
16.71,4.394334337374969,3.6905454044094825,5.759037293937437,90.74732105028411,134.67312882688574,-47.49077218116539
16.72,4.291542817056273,3.6369237426391434,5.536840825946889,109.48120484059892,133.8622493518134,-36.176711632865036
16.73,4.148296897986859,3.5612013234482145,5.252891453871398,128.06618487394053,133.22070551589582,-24.97378109798731
16.74,3.971055532726125,3.466903775553164,4.917467157246403,145.79843106695157,132.21968977393206,-13.598610870283967
16.75,3.7659526312532563,3.357375319714021,4.540320318137078,162.2084398643638,130.52234355106094,-1.8909834384790702
16.76,3.5386952010311448,3.23572469841379,4.1305136510397515,177.00644465377252,127.9362334988947,10.219282682672707
16.77,3.2945023057755662,3.104792999412462,3.696322222272927,190.03868788699765,124.37568437485446,22.73824986065646
16.78,3.0380749454484413,2.96713805183133,3.245185492642742,201.25258298586942,119.83212508616825,35.627966926759484
16.79,2.7822098985240657,2.8334842244300438,2.7939319512217144,210.66913105887355,114.35092652754328,48.82190367497947
16.8,2.53595558134765,2.7111051259351737,2.354721744792448,218.36123926754647,108.01347830714725,62.236648717789876
16.81,2.305441730382335,2.6046280666118915,1.936041567071825,224.43682309082106,100.92347491009906,75.78063441174267
16.82,2.094548664380423,2.5166776550900836,1.5435124248782466,229.02577112621577,93.19656755842834,89.36051118316252
16.83,1.9054447136716923,2.448387885354008,1.1805429348119276,232.27001467890017,84.95269211836465,102.8856767190683
16.84,1.7390155827822613,2.3998070300346246,0.8488553871797822,234.31608049250718,76.31051104205926,116.27136908253205
16.85,1.5952053727811213,2.3702154450900794,0.5489072632110139,235.3096180153029,67.38351285717135,129.44065345531934
16.86,1.4732856083110903,2.358372876087447,0.28022707240755845,235.39148632078397,58.27739978940564,142.32556704205453
16.87,1.3720657872535593,2.3627089264403742,0.041680174965374045,234.69506337122542,49.08846579170702,154.86763328979345
16.88,1.2900566104665354,2.381467909224458,-0.168322427180563,233.34450438463654,39.902726138130824,167.01791297500156
16.89,1.2255950806787925,2.412817277347238,-0.35166158994953906,231.45372887581897,30.795607983137693,178.73672420513617
16.9,1.1769390206086376,2.4549271450698704,-0.510384950224053,228.96886951386418,22.105214762599065,189.67143532910217
16.91,1.142337197675333,2.506027020854576,-0.6466119684441451,225.88421967695444,14.057116638949392,199.59814563378654
16.92,1.1200801115482724,2.564444719836885,-0.7624630888244859,222.22775332798517,6.790548322554124,208.3907835627865
16.93,1.108535563522362,2.628631474013199,-0.8600080984700087,218.0499226132208,0.37939734898386135,215.9964475740901
16.94,1.1061723515545419,2.6971764759739885,-0.9412296661375743,213.4150887297921,-5.151071840097067,222.4158457404862
16.95,1.1115747950157497,2.768813449557754,-1.0079987870214224,208.39505791639036,-9.810974140350421,227.6878868889048
16.96,1.1214136530492123,2.83312017782566,-1.0581807307699558,203.06429092134346,-13.635391540967479,231.8776404351352
16.97,1.1332487506695847,2.883303962064154,-1.0909601134820623,197.49643422837744,-16.676256410471666,235.06701923721954
16.98,1.1453364699305673,2.915323054862414,-1.106474435708538,191.76188739601807,-18.99608846218038,237.34765410741878
16.99,1.1564742593654893,2.9271877780114086,-1.1055273687333298,185.92617538222115,-20.663221976577347,238.8155237571329
17.0,1.1658755672432388,2.918408037338162,-1.0893664845873081,180.04893960609655,-21.748225103100793,239.56698299732113
17.01,1.173069717865785,2.889559722771252,-1.0595128419979978,174.18339835924976,-22.321267257110108,239.6958975895624
17.02,1.1778221829998614,2.8419473014703076,-1.0176321000901694,168.37615737532033,-22.450235564991182,239.2916484398805
17.03,1.1800714810665656,2.777343927742365,-0.9654387080956816,162.66727603289826,-22.199438504590297,238.43781270108428
17.04,1.1798795890109204,2.6977937348968664,-0.9046262749606838,157.09051475402583,-21.628765613141592,237.21136635776895
17.05,1.1773932962213838,2.6054637501575844,-0.8368185100733703,151.67370546183054,-20.793197461828296,235.68228332079175
17.06,1.17281438369244,2.5025351761498236,-0.7635361895735631,146.3955184985351,-19.717014517025756,233.60225918335883
17.07,1.1663768893692146,2.391125688729822,-0.6861764790080075,141.24601719052603,-18.428923631015838,230.83268518925377
17.08,1.1583300345582999,2.2732359761811316,-0.6060016636785507,136.22307290077651,-16.959777373965043,227.31574272023173
17.09,1.1489256467864561,2.150715043868281,-0.5241349290904052,131.32963204996594,-15.340893706785597,223.05168033656463
17.1,1.1384091302618693,2.0252398773521247,-0.4415613174048349,126.57166141053023,-13.602849128076922,218.0810956098914
17.11,1.1292595377042516,1.9015341863325885,-0.36230668090532137,121.95663017960747,-11.774642316846741,212.47125229674518
17.12,1.1230967760435744,1.7829280677963295,-0.2890802080989747,117.49241394091251,-9.883144997365273,206.30563672663064
17.13,1.120889752621456,1.6716649568807058,-0.2235808414262157,113.18652756089824,-7.952772970268638,199.67610127502343
17.14,1.1231218971260775,1.5691495707641858,-0.16674264395110325,109.04561211120993,-6.005323569956879,192.6770622263622
17.15,1.129921964526488,1.4761473067763609,-0.11893021744336219,105.07511572184143,-4.059936713051591,185.40131822077652
17.16,1.1411666512743985,1.3929437994117742,-0.08009337415346357,101.2791203960158,-2.1331456071761554,177.93713720088812
17.17,1.1565604116091535,1.319471867993242,-0.04988867582829984,97.66027671778268,-0.2389904374829921,170.36632717383335
17.18,1.1756969065167868,1.2554118529276617,-0.027774126741865336,94.21981644057996,1.6108257724322699,162.76306156662883
17.19,1.198105724010382,1.2002703061971935,-0.01308220097973517,90.95761948019621,3.4067551784522423,155.19327548442524
17.2,1.223287349976859,1.1534411390776953,-0.005075462651244686,87.87231711613504,5.14120924492734,147.71448646159547
17.21,1.2507388220077096,1.1142526101302945,-0.0029882713350861505,84.96141745408919,6.808358158724172,140.37592373252716
17.22,1.279972045978782,1.08200293649489,-0.006057428774494507,82.04719455357102,8.537506483398154,133.28976348991816
17.23,1.3105263811649983,1.0559868121866312,-0.013544095453586407,79.01642055629861,10.40923689460463,126.53414975649473
17.24,1.341976791334677,1.0355147022178373,-0.02474886937255692,75.80416917855158,12.467751192021062,120.16042431023826
17.25,1.3739386056142382,1.0199264372403172,-0.03902155908779394,72.3810166672676,14.730614722318027,114.19902155149285
17.26,1.4060697247569345,1.0086003484820785,-0.055766886274313004,68.7429994094559,17.196394609039157,108.66425652508573
17.27,1.4342640689429103,0.9981807813008174,-0.07250490207073833,64.90380006610395,19.8505958983708,103.55819719056905
17.28,1.4558849767007815,0.98640110786485,-0.08754185721014364,60.88872793007103,22.670227884639438,98.8737807437227
17.29,1.4694063148449539,0.9718243138475586,-0.09978679540494949,56.73013722211051,25.62727314721049,94.59730744054399
17.3,1.4741273128885104,0.9536363709926476,-0.10860491475661413,52.46399180356768,28.69128224737521,90.71042320280938
17.31,1.4699474282673046,0.9314826338418613,-0.11370097081982045,48.127338458608136,31.831275944890766,87.19168364764252
17.32,1.4571899289573997,0.9053391918863682,-0.11502715205460573,43.7564953018704,35.01710280568973,84.01777653522323
17.33,1.4364648656194412,0.8754125209916568,-0.11271082507578106,39.385798529324944,38.220372012705376,81.1644665044454
17.34,1.4085637594420164,0.8420619550042501,-0.10699835366568715,35.04678093694477,41.415058075551634,78.60731497205757
17.35,1.3743797077226472,0.8057404778448203,-0.09821186756307572,30.767680463494496,44.5778551346708,76.3222188726546
17.36,1.3348477519197164,0.7669501500753491,-0.08671641620101285,26.573197376265647,47.688342977552296,74.2858042319001
17.37,1.2909013003649952,0.7262091588324575,-0.07289540708459945,22.484435371100695,50.729014147210236,72.47570415399936
17.38,1.2434411819957711,0.6840280388339566,-0.057132613756729546,18.392373871581146,53.643843715705344,70.81325523551006
17.39,1.1933145552373925,0.6408930739877193,-0.03979935725488859,14.232111691503436,56.39501358806482,69.2426617264922
17.4,1.141301430150824,0.597255270020107,-0.021245728520847516,9.97122611657955,58.958847469106914,67.72566548685052
17.41,1.0881070011486005,0.5535236019873301,-0.001794936560211565,5.600642164896888,61.32252619609844,66.23729642725043
17.42,1.0343583479155773,0.5100614978615499,0.018259954033526482,1.1275302064639563,63.48144578826718,64.76250343530312
17.43,0.9771698042763954,0.45935552891742093,0.0435668725258158,-3.4301641239148384,65.43710354242774,63.29350054998166
17.44,0.9148677035014188,0.39678257980758846,0.07696446775608734,-8.047882507389694,67.1954167935204,61.82769213829254
17.45,0.8466722265857595,0.31987764652543654,0.11994153673305,-12.697574649200705,68.765395134711,60.36606497342913
17.46,0.7724473810163982,0.2277554013576915,0.17299989953987363,-17.349993740895034,70.15810044125843,58.911955193946156
17.47,0.6925061072698686,0.12065653903286498,0.23593892621847914,-21.976342776049925,71.38584037853259,57.47011479754945
17.48,0.6074598140904973,-0.00040498980126946194,0.3080767228089467,-26.5494143699109,72.46155054694094,56.04601614592182
17.49,0.5181035599157958,-0.13391351080052183,0.38842031985247966,-31.044339184868228,73.39832832087097,54.6453443959459
17.5,0.42532968935540955,-0.2780580500416714,0.4757949913112298,-35.4390354270172,74.20908802516547,53.27363722091151
17.51,0.3300640532533889,-0.43088684776646113,0.5689409923813389,-39.71443332497172,74.90631257241968,51.93603897328883
17.52,0.23322003308927933,-0.5904207319408148,0.6665844798592064,-43.85453333593665,75.50188123593007,50.63714284593299
17.53,0.13566649276349915,-0.7547341131238089,0.767488117011857,-47.8463444644512,76.00695700694575,49.38089984398227
17.54,0.03820652466223193,-0.9220107032419864,0.8704858229224771,-51.717199973879325,76.54437128949469,47.95592924088485
17.55,-0.05843553123869624,-1.0905796937096288,0.9745052675655727,-55.483048062354435,77.19397234538413,46.230655623791215
17.56,-0.1536208143939693,-1.2589370041692023,1.0785810077858662,-59.151729642244206,78.0031629944002,44.13320706558737
17.57,-0.24679802509695786,-1.4257552910407927,1.181860580213868,-62.72550724196877,78.99526160663831,41.6355234613173
17.58,-0.33750213323803957,-1.5898856507778243,1.283605393410647,-66.20299444983283,80.17609264916798,38.74088262078143
17.59,-0.43233684159186375,-1.7500334429911328,1.3720581017245177,-69.58060798888636,81.53914215264528,35.47419077210461
17.6,-0.5353634043355213,-1.9051896970553772,1.4397405880472414,-72.85364188877958,83.06955436095832,31.874499966604443
17.61,-0.6487493269835085,-2.054589922073532,1.48240337626428,-76.01704452906651,84.74719662555027,27.989311222752686
17.62,-0.7732800832681088,-2.1976775009290277,1.4981913887639575,-79.0659639161106,86.5489787082225,23.870302260712243
17.63,-0.9087597755211251,-2.3340713222268237,1.4869858080315805,-81.99611387484734,88.4505787148684,19.570185017549647
17.64,-1.054322096743046,-2.4635372993194062,1.4498888024739813,-84.80400342757531,90.4276997626508,15.140453035924413
17.65,-1.2086691495522892,-2.5859634300101444,1.3888237160662684,-87.48706310950524,92.45695822898,10.629824170055322
17.66,-1.3702525160785166,-2.7013380614410405,1.3062281852314355,-90.04369501253734,94.51648523842115,6.083221436185104
17.67,-1.5374083494509747,-2.8097310401394235,1.204821691612682,-92.47326768502022,96.58630723778668,1.5411655811910028
17.68,-1.7084560840824405,-2.9112774456761743,1.0874324185664188,-94.77607242086633,98.64855852293393,-2.9605218310624966
17.69,-1.8817685645847364,-3.0061636266779166,0.9568710639670615,-96.95325375851735,100.68756793743067,-7.390785374642821
17.7,-2.05581990973168,-3.094615279116721,0.8158415663296325,-99.23859902045008,102.73004858104954,-11.901586083675667
17.71,-2.229216206187509,-3.176887328176896,0.6668806044727411,-101.77961621450324,104.78975776929384,-16.58245524010659
17.72,-2.4007131228986744,-3.2532553960527535,0.5123192995086296,-104.65917535432521,106.87114867022537,-21.47692185703743
17.73,-2.5692237143306134,-3.324008658390442,0.3542618377553098,-107.91262201166339,108.97220770584633,-26.595409451550204
17.74,-2.73381900830824,-3.389443911490998,0.1945767911233166,-111.54121509094483,111.08663719011763,-31.9252780182891
17.75,-2.893723426304138,-3.449860690669602,0.034897776954986665,-115.52259129110791,113.20551390884788,-37.43856706547139
17.76,-3.0528256331985766,-3.515832129246979,-0.1422987339520449,-119.81883417245794,115.318530482458,-43.097895756576726
17.77,-3.213454454169819,-3.5940738732849606,-0.34765334526428726,-124.38262215553641,117.4149065895094,-48.860893334214694
17.78,-3.376790695283262,-3.6884048253910415,-0.5866834285391345,-129.16184375211017,119.48404079231413,-54.68346432403713
17.79,-3.5431900537970864,-3.8005077786604686,-0.8611713431080983,-134.10299700601237,121.51596022869188,-60.52213619917039
17.8,-3.712434202012532,-3.9305274812432556,-1.170251442579907,-139.15363109560164,123.50161433945738,-66.33569027197846
17.81,-3.883924085393805,-4.077537098037795,-1.5112537564867083,-144.26403929373407,125.4330496895563,-72.08623792472542
17.82,-4.0568269465916735,-4.239898558400917,-1.880351935410631,-149.3883722918229,127.30349547656854,-77.73987251230419
17.83,-4.230186488449986,-4.415537721220354,-2.273054485094584,-154.48530784095715,129.10738322270274,-83.26700120966473
17.84,-4.403003850732516,-4.602151502475863,-2.6845712078108597,-159.51838554455753,130.8403191804408,-88.64243976269626
17.85,-4.574295637984887,-4.797360970124878,-3.1100808802195523,-164.4560934472949,132.49902395132227,-93.84533572112966
17.86,-4.7431340498605365,-4.998821811161724,-3.54492132620498,-169.4087671586191,134.26069392727698,-98.77140324449701
17.87,-4.908673188561693,-5.2043014271166435,-3.984719022578954,-174.4400066639619,136.23617179960246,-103.35305271320375
17.88,-5.070164815663556,-5.411730142326982,-4.425472063758523,-179.57921647119315,138.48666809861624,-107.5508550417282
17.89,-5.226966173057485,-5.619232551224145,-4.863597589896315,-184.83141843529444,141.0369763989526,-111.3466904222999
17.9,-5.378541945401521,-5.825143833925251,-5.2959525519242305,-190.18486346806935,143.88584284078757,-114.73827827563984
17.91,-5.500577546634065,-6.00679355541816,-5.676732054564985,-195.61687436288713,147.0140345735852,-117.734836607711
17.92,-5.577815057114673,-6.149681999718347,-5.976722819544689,-201.0982738897983,150.39055508197865,-120.35366203410155
17.93,-5.601806926158557,-6.245481934543093,-6.179239704315724,-206.59668755797153,153.97737397858054,-122.61745775333753
17.94,-5.569134994308065,-6.2904509899718155,-6.276897756897595,-212.07895682222897,157.73297211043962,-124.55226684145919
17.95,-5.480007946831856,-6.284178379693038,-6.269064550974424,-217.5128541955118,161.61494750339608,-126.18589334510357
17.96,-5.337165468570536,-6.2286029504860725,-6.159864537067085,-222.86825517814611,165.58188189129004,-127.54671456573823
17.97,-5.145030008461336,-6.1272506044816435,-5.956629661109598,-228.11789183306846,169.5946297710562,-128.66280532642747
17.98,-4.909057584172679,-5.984648351340663,-5.668709257665303,-233.2377881371186,173.6171607672018,-129.56130946246273
17.99,-4.635247804486804,-5.805879910836253,-5.306567826272051,-238.2074570111387,177.61706046888597,-130.26800575726446
18.0,-4.329780547159047,-5.596254151024429,-4.8811122563590486,-243.00992241301054,181.56577388755016,-130.80702545873413
18.01,-3.9987527454619274,-5.361062924498529,-4.403200809042633,-247.63161642972415,185.4386584914214,-131.20068669847734
18.02,-3.6479937116811807,-5.105409233082283,-3.8832950552468177,-250.79904583724496,189.3350755420688,-131.3092518750467
18.03,-3.282941532249675,-4.834090259479878,-3.3312233139623837,-251.71537121399268,193.3129679727708,-131.05114589257659
18.04,-2.908566451367062,-4.551522778787474,-2.756030188470331,-249.9417098289091,197.3998828056417,-130.38797932450342
18.05,-2.5293299390983566,-4.261700909158695,-2.165891777410195,-245.30309409096378,201.60160758151096,-129.31273444844442
18.06,-2.1491704177776656,-3.9681781680797164,-1.5680802224361146,-237.81447268722212,205.9088797671415,-127.84051651610753
18.07,-1.776414011586753,-3.6590655934621417,-0.9874765085255313,-227.62294746478307,210.30254630764924,-126.00137772770029
18.08,-1.4170485105015578,-3.327672120689072,-0.44114354399441436,-214.9631108900309,214.75748251519613,-123.83480890801401
18.09,-1.0752117613004128,-2.9711198944257355,0.059893370316297934,-200.12290808463635,219.245523083511,-121.38556666332065
18.1,-0.7535902593987878,-2.5892584076862395,0.5092158711294502,-183.41791216698346,223.73761130056997,-118.70056422320249
18.11,-0.45374328993109264,-2.183820163050767,0.9038686771795519,-165.1722872464336,228.20533390716676,-115.82660425267161
18.12,-0.17636546628995264,-1.7577707372836724,1.2434502630851063,-145.70503283957908,232.62197717852757,-112.80877335278029
18.13,0.07850159236618043,-1.3148145996053395,1.5293947344152956,-125.32036757395251,236.9632135648602,-109.68935217881514
18.14,0.3112994766616525,-0.859025063965607,1.7644090643333175,-104.3013279601053,241.20750667066778,-106.50712329321148
18.15,0.5228176192835526,-0.3945725814886643,1.9520361055269189,-82.90583743240036,245.33630469011106,-103.29698204256496
18.16,0.7140861209855299,0.07446960163702648,2.0963190060090704,-61.3646482342343,249.33407798349805,-100.08977474946136
18.17,0.886291599261799,0.5442594169738859,2.201547000083715,-39.880679466062894,253.18824472322228,-96.91230404842031
18.18,1.0407117705920572,1.0112732957756791,2.2720661567218343,-18.592869365707642,256.2407670061038,-93.46110619005884
18.19,1.1786652157068085,1.4723578643021933,2.3121416652281397,2.372555240696343,258.0792945488944,-89.55138650500398
18.2,1.301473395000954,1.9247548277577966,2.3258607222469863,22.903936647868164,258.4761578390649,-85.08668528286
18.21,1.4104324971155293,2.3661060518323387,2.317067138959466,42.905022855933964,257.34000747714265,-80.03494903607294
18.22,1.5067931339640328,2.7944443782717707,2.289320483539684,62.29505404500222,254.67773722619177,-74.4097952657325
18.23,1.5958124783693846,3.2035175886003007,2.241561517952577,81.00831256078793,250.5647405794555,-68.25597229637435
18.24,1.681154005658939,3.5891660117376833,2.1740338186497894,98.99330345187835,245.1218943836848,-61.638193449606916
18.25,1.7652633066267205,3.948856307282637,2.0878818906390584,116.2116949380345,238.49794921448532,-54.63267254859708
18.26,1.849667407289256,4.281304203270023,1.9848409881728046,132.63711786847594,230.8562440757972,-47.32081035006472
18.27,1.9352117768452206,4.586170597376084,1.8670005459171772,148.25389893573706,222.36486041843867,-39.784583085062486
18.28,2.022246738829642,4.863818018019247,1.7366263967005173,163.05578305282955,213.18949404064946,-32.10326830432944
18.29,2.1107729435884255,5.115116616064865,1.5960296662307947,177.0446849735613,203.4884587022411,-24.35121257042476
18.3,2.20055384722089,5.341290683008869,1.4474724827030692,190.22949818807936,193.40934692682174,-16.596402656124788
18.31,2.2912017176239354,5.543798221977032,1.2931024967456792,202.62497973826393,183.08696541163212,-8.899648844525771
18.32,2.382242505479751,5.724237379744043,1.1349097392276295,214.2507223593299,172.64223801007796,-1.3142273986241744
18.33,2.473163937569927,5.8842746203184495,0.9747006053050155,225.13021984424262,162.18183116477587,6.1141392839074475
18.34,2.5634503785054776,6.02559041653735,0.814084788246126,235.08679496155202,151.7560611734315,13.451650518908789
18.35,2.6526073369310206,6.149838983562322,0.654471834217133,244.0222981538023,141.41751055424263,20.732227544551094
18.36,2.7401779400377633,6.258619200838019,0.49707468130859916,251.89739891503967,131.2178502606734,27.96682145511756
18.37,2.8257532461079147,6.353454386971322,0.34291810939029327,258.7159319897542,121.20564906258346,35.15061439896803
18.38,2.908977892289,6.435779022003562,0.192850484254137,264.5125483025336,111.42494443879976,42.26853080034336
18.39,2.990564426262619,6.491383953871002,0.053388859147314005,269.3430502353766,101.9143938799994,49.29939965347735
18.4,3.070901238242404,6.511789669643751,-0.0712841899765713,273.2768991778366,92.70686199640001,56.219046197101164
18.41,3.1501453104845276,6.492788169523683,-0.1787586085675471,276.391473593708,83.82932863630984,63.002539378774166
18.42,3.2282939889183906,6.433290813508852,-0.26794894104454436,278.76773105769905,75.30302749858166,69.62577867075048
18.43,3.3052399290891743,6.334424559929398,-0.33873946142655514,280.4869902487204,67.1437444249191,76.06656849737485
18.44,3.3808126137187813,6.1988291132916515,-0.3917049965382316,281.62860079505475,59.362220488307656,82.30529951482181
18.45,3.4548092137269157,6.030115911758872,-0.4278931044688147,282.2683118805647,51.96461781951978,88.3253321876467
18.46,3.52701704725249,5.832456883259231,-0.4486557924735059,282.4771860972767,44.95301639049226,94.11315864524664
18.47,3.5972294641992884,5.610276712365251,-0.45552105867515486,282.3209343943351,38.32591816319504,99.6584029318806
18.48,3.665256632076655,5.368027180545577,-0.4500962885612668,281.8595721574662,32.07874149845805,104.95370686523492
18.49,3.730932409805205,5.110026132557884,-0.4339969875835411,281.14731632277807,26.204293818259963,109.99453827207763
18.5,3.7941182591336045,4.8403469183153875,-0.40879553337853036,280.0272397986141,20.962071919005112,114.60545385310765
18.51,3.8547049495057344,4.562746877451059,-0.3759856258574512,278.4139248882056,16.508991144219273,118.6783875554472
18.52,3.912612654214401,4.280625669575551,-0.3369589348445651,276.27449325056836,12.924961530749721,122.15610502654116
18.53,3.967789907281715,3.9970060879087357,-0.2929911218194702,273.61370412140377,10.233174576063503,125.01904700211196
18.54,4.020211786544835,3.714531495496496,-0.24523496878372103,270.4623447502985,8.416085616279076,127.27493475418841
18.55,4.069877604586917,3.4354752484981086,-0.194718803588496,266.86827437807665,7.427905419678815,128.9506192622054
18.56,4.111793401925232,3.1583328641216313,-0.14247213772922065,262.8895973641123,7.204271644324053,130.08574637149005
18.57,4.142864757769874,2.88255551386913,-0.08936106519690931,258.58953600996324,7.669651730103445,130.72788573167128
18.58,4.161423937796778,2.6082554993514133,-0.03610667633972021,254.0326523591305,8.742929752898004,130.92883418052804
18.59,4.166855074456744,2.3359803168201605,0.01669778404269278,249.28213343329134,10.341547520110185,130.74185649727607
18.6,4.159299072531092,2.066541528957315,0.06857108743427766,244.39790822348328,12.384502000088903,130.21966981445567
18.61,4.139423126142485,1.8008871906555808,0.11912954393152038,239.4354091660014,14.794444751394382,129.41301389990798
18.62,4.108242396049996,1.5400086676886977,0.16807386161698534,234.44482737286805,17.499082414389243,128.36967922117609
18.63,4.06698361294101,1.2848744152246205,0.21517730144476083,229.4707408780699,20.432038918612974,127.13388921157649
18.64,4.016982215439053,1.0363847075289956,0.260275067282608,224.55201971205392,23.533308476606173,125.74595333383625
18.65,3.959606161282436,0.7953424817032024,0.3032548583269774,219.72193165680468,26.749402530088574,124.24212410883862
18.66,3.896200817668036,0.5624364194864259,0.3440485036380147,214.79312516708606,29.99191520319226,122.75420445948907
18.67,3.828050385104084,0.33823317771335115,0.38262459487285333,209.65395772733564,33.19415325816826,121.37271452551744
18.68,3.7563521744573314,0.12317631983379995,0.418982032494068,204.2487139576756,36.30691361493051,120.15642079935144
18.69,3.682200769625757,-0.08240997705162058,0.4531444020495917,198.56205899039023,39.29499918858531,119.13996953891521
18.7,3.6065796939568275,-0.27831394204345183,0.48515509996682804,192.60691829752756,42.13435169697675,118.3399693056977
18.71,3.5287933192127956,-0.4628730027162111,0.5122547845518797,186.41511856574385,44.80969923414372,117.75980840873235
18.72,3.44862059552813,-0.6351003748753794,0.5327530034760671,180.0302434905687,47.31263261665872,117.39344365563223
18.73,3.366172562544435,-0.7945284858577142,0.5457609068895426,173.50225740832326,49.64003822753776,117.22835558272419
18.74,3.2817824066574786,-0.9410826837323867,0.5509794782675489,166.8835317947809,51.792826681506625,117.24783095772072
18.75,3.195921611838953,-1.074979894824045,0.5485329052378412,160.22597760988756,53.774906435301624,117.43270472221651
18.76,3.109136923896678,-1.1966477797332533,0.5388385239455744,153.5790425919559,55.5923597395294,117.76266974073012
18.77,3.022003819683676,-1.306660683923094,0.5225062806033595,146.98837886517737,57.25278530619057,118.21724296623607
18.78,2.9350929765881397,-1.4056893049823826,0.5002619110693343,140.49502426923766,58.764777945589856,118.77646026024009
18.79,2.8489469013340187,-1.494461523537636,0.4728890843768878,134.1349720321244,60.13752037588134,119.42135856355367
18.8,2.7640644239780663,-1.5737322842986758,0.44118662349990706,127.9390289459132,61.380466570691816,120.13429293514214
18.81,2.680891212553607,-1.644260781301011,0.40593763526061855,121.93288304077646,62.50309950646615,120.89912676827005
18.82,2.599814832483223,-1.7067935084115726,0.3678879755774475,116.03409604185218,63.36893855172701,121.84672632641933
18.83,2.5211631764040763,-1.7620519922062705,0.3277319667384183,110.19434873582898,63.89589536653165,123.05505778706203
18.84,2.4452053359232324,-1.8107242375380173,0.286103687327633,104.39013991937952,64.04250930958096,124.56278905167747
18.85,2.3721541866628444,-1.8534590933626767,0.24357248731840495,98.61553492317674,63.79706149273041,126.38001497037382
18.86,2.302170119796367,-1.8908628934794531,0.2006416528318697,92.87656446864953,63.169026970474235,128.49665043627343
18.87,2.234532181079064,-1.9222882236668304,0.16815403139251323,87.18694642296153,62.18241919150914,130.8889399080415
18.88,2.16878868264666,-1.9474968767573853,0.15298820431928112,81.56486260933215,60.870659703353745,133.52445208044614
18.89,2.1046840324575893,-1.9665471597523156,0.1590376086110343,76.03057219977822,59.272671724541695,136.36586205254807
18.9,2.0421017889465762,-1.979705543668262,0.18798713566677255,70.60468404492798,57.4299507213431,139.3737682567933
18.91,1.9810207603942922,-1.987378010838289,0.23992499939663944,65.30694399305652,55.38441035092661,142.5087457693881
18.92,1.921481543558024,-1.9900572754059154,0.3138210749971556,60.15542100460272,53.17683957981188,145.73279987322786
18.93,1.8635613729042426,-1.988282736089719,0.40789741413951586,55.16599867531618,50.84583773437141,149.01035258573816
18.94,1.8073555464341955,-1.9826105881733576,0.5199120667966829,50.35209747623151,48.42711976465669,152.3088691996411
18.95,1.7529640201417416,-1.9735919928275623,0.6473735360755771,45.72456830168371,45.95310500772126,155.599210794935
18.96,1.7004820319727383,-1.9617575920842754,0.7877000351221302,41.29171037314081,43.452719980528336,158.8557813935994
18.97,1.649993837327346,-1.947606980350614,0.9383350990049343,37.05937666614964,40.95135985161547,162.05652429810726
18.98,1.6015688196809184,-1.931602009453069,1.0968289406893157,33.093755406189516,38.64329875999661,165.09797664735547
18.99,1.5552593885172745,-1.9141630232373223,1.2608931541084534,29.435472586941472,36.65488731495482,167.91173058686758
19.0,1.5111001980971421,-1.895667297606275,1.4284348961519895,26.105683585273038,35.06091922392065,170.4562465013882
19.01,1.4691083193296857,-1.8764491091760647,1.5975754704163436,23.1109493763414,33.89766490867445,172.71029515771954
19.02,1.429284077106023,-1.8568009760118225,1.7666572445781754,20.447117505552086,33.17318746671344,174.66773320437136
19.03,1.386321886808797,-1.8266219950152143,1.933419156022617,18.10239048951792,32.87544984466113,176.33336694174426
19.04,1.3368861654773874,-1.7796567909334664,2.096120444186072,16.0597329442733,32.97863319930641,177.7197014911355
19.05,1.2791170468004478,-1.7125277629858244,2.2534516394410105,14.298742511395716,33.44801231958797,178.84440775916846
19.06,1.2122394716285385,-1.6239697082136912,2.4044589581282327,12.79708775538103,34.243672296602846,179.72836902102603
19.07,1.1362562101370566,-1.5142287829258803,2.548480232612381,11.531597948665011,35.32329935578296,180.39419346471942
19.08,1.0517087828937428,-1.3845944318305075,2.685090752344736,10.479074461106276,36.64423621676958,180.8650994379904
19.09,0.9594930895636731,-1.2370384698762946,2.814057607885057,9.616880836313427,38.16495709896939,181.16409708468944
19.1,0.8607189175147371,-1.0739401234856256,2.935301318410456,8.923358152610088,39.846088345951934,181.3134041096575
19.11,0.7566044655185173,-0.897879676773481,3.0488636877442783,8.37810358156801,41.65107659164719,181.33404504299926
19.12,0.6483986452732352,-0.7114865518203747,3.154880977308961,7.962142876979387,43.54658658843916,181.24559298414505
19.13,0.5373252705175908,-0.5173302873369912,3.253561609239764,7.658021603674957,45.502694550286435,181.06602072800064
19.14,0.42454435626400183,-0.31784505737003815,3.3451677214827966,7.508965901346112,47.39804671585058,180.62262101138091
19.15,0.311126668005569,-0.11528016693636359,3.429999991062285,7.537562057209678,49.15025428672064,179.8118958119706
19.16,0.19803841527451604,0.0883295616173911,3.5083852236194946,7.751251788998614,50.70685166847754,178.58187650509524
19.17,0.08613360303311142,0.2911783856504182,3.5806662783670955,8.146649863861859,52.03805590778729,176.9181670974106
19.18,-0.02384793898519326,0.4916931046737059,3.647193959146903,8.712908398029077,53.13099960601897,174.83300795201905
19.19,-0.13800597797632766,0.6949147788893244,3.701422373896914,9.434312522804802,53.985165713319205,172.35678090079378
19.2,-0.26002445764304666,0.9037072929864596,3.739388855548063,10.292259099359526,54.60879952811279,169.53147947754738
19.21,-0.39179526180471613,1.1193420560606195,3.7590633284008077,11.266742742665485,55.01611240582951,166.40575352545454
19.22,-0.5339093947718672,1.3419556483445987,3.759833358384385,12.337450667221987,55.22512435164592,163.03120843864738
19.23,-0.6860407766847819,1.5709049041839995,3.7420994588325174,13.484549030179798,55.2560198779283,159.45969815509045
19.24,-0.8472433992415014,1.8050395507789838,3.706959669633484,14.689227878208698,55.129914128124156,155.74139971645144
19.25,-1.0161788820430173,2.0429088912280626,3.6559661334496214,15.934058962262089,54.86794504759713,151.92349742574297
19.26,-1.191288391329472,2.282916008260827,3.590939477044663,17.203210114957987,54.490622944191294,148.04933777314005
19.27,-1.3709203293047991,2.523430470577228,3.513829368936635,18.482551207243947,54.01738165422941,144.15794354720572
19.28,-1.5534230877401285,2.762868461781812,3.426611751210028,19.759679594533534,53.466286156721054,140.28379789504223
19.29,-1.7372104118873004,2.999747550916794,3.331215004654519,21.02388715969683,52.85386023265025,136.45682737228492
19.3,-1.9208054791907945,3.232721923407715,3.229468762456927,22.21016836825347,52.1243897261302,132.613182227486
19.31,-2.1028686108355985,3.460602741353477,3.1230702889324906,23.276006033308974,51.247004511870344,128.71831172252655
19.32,-2.282212559984403,3.6823673601876186,3.013564328657073,24.196010555619516,50.20909337074934,124.75887782079273
19.33,-2.457808522732063,3.897160359354134,2.902333143463326,24.957642271273862,49.011132539824715,120.73645255758186
19.34,-2.628785366263369,4.104288718116327,2.790594119956712,25.557818104704097,47.66265796307561,116.66265203313353
19.35,-2.794424038280688,4.303212959164521,2.6794028735123554,26.000237975159646,46.17915910489606,112.55542229950606
19.36,-2.9500586816808987,4.49144341576325,2.5690797112098296,26.293295014706015,44.57971197961575,108.43624415394862
19.37,-3.0926894234167466,4.667404066644983,2.4600173882043617,26.44845752322392,42.885202098790494,104.32806673057154
19.38,-3.2205867686438414,4.830222645755285,2.3526378554270324,26.47903046952819,41.11701544087042,100.25381525307644
19.39,-3.3329753670620645,4.979561496342574,2.2473612052940894,26.39922088823969,39.29609822921957,96.2353475972402
19.4,-3.429782677027737,5.1154819444051425,2.1445841271233634,26.223445259950772,37.4423050419778,92.2927584407402
19.41,-3.511440533017828,5.238336175929117,2.044665704764499,25.96582835322682,35.57397022475488,88.4439496129015
19.42,-3.5787296954953725,5.348681617331617,1.9479188166450856,25.639852434962794,33.707650283841765,84.70440152203619
19.43,-3.6326591936275947,5.447213669398469,1.8546057487719882,25.258123543668695,31.85799536439448,81.08709383987963
19.44,-3.67437371515243,5.534713357486812,1.7649369174006926,24.832227940100154,30.03771645124842,77.60253446896263
19.45,-3.705083500026811,5.612007056629727,1.6790718311326895,24.372657129555584,28.25762189317909,74.25886463407373
19.46,-3.726012194201253,5.679935947870189,1.5971216113435784,23.899106445397045,26.48206384326535,71.00930999955811
19.47,-3.7383589497504643,5.739333277263578,1.5191525427776646,23.42629582365354,24.69043398778952,67.82483818865151
19.48,-3.743271745299115,5.791007834708795,1.4451902492805573,22.964978130158205,22.873116229041962,64.68942292100505
19.49,-3.7418294695048706,5.8357323572385305,1.375224188315201,22.522764119311034,21.028321758656134,61.59634380043953
19.5,-3.735030779896868,5.874235800024315,1.309212236551628,22.104795239845988,19.15963596893027,58.54532072538332
19.51,-3.7249229544555846,5.904092032080633,1.24776552533192,21.71429042321776,17.27413714965638,55.54031798340435
19.52,-3.713039440761249,5.923988982071469,1.1912173153388668,21.352988710291946,15.380972251748494,52.587883047256675
